Fecha,Apertura,Max,Min,Cierre,Volumen,Indice,Cambio,Cambio%,weekday,month,year
2024-01-08,26.8,27.35,26.8,26.95,69882.0,ATX,0.14999999999999858,0.56,Monday,January,2024
2024-01-05,26.75,26.75,26.5,26.55,19696.0,ATX,-0.1999999999999993,-0.748,Friday,January,2024
2024-01-04,26.3,26.85,26.3,26.65,27620.0,ATX,0.34999999999999787,1.331,Thursday,January,2024
2024-01-03,26.9,26.9,26.35,26.5,22254.0,ATX,-0.3999999999999986,-1.487,Wednesday,January,2024
2024-01-02,26.5,26.65,26.45,26.45,37425.0,ATX,-0.05000000000000071,-0.189,Tuesday,January,2024
2023-12-29,26.3,26.5,26.3,26.5,21840.0,ATX,0.1999999999999993,0.76,Friday,December,2023
2023-12-28,26.2,26.5,26.15,26.3,31372.0,ATX,0.10000000000000142,0.382,Thursday,December,2023
2023-12-27,26.05,26.35,26.05,26.35,18044.0,ATX,0.3000000000000007,1.152,Wednesday,December,2023
2023-12-22,26.0,26.45,26.0,26.3,26732.0,ATX,0.3000000000000007,1.154,Friday,December,2023
2023-12-21,26.3,26.35,26.1,26.1,30511.0,ATX,-0.1999999999999993,-0.76,Thursday,December,2023
2023-12-20,26.3,26.35,26.1,26.25,45459.0,ATX,-0.05000000000000071,-0.19,Wednesday,December,2023
2023-12-19,25.9,26.25,25.7,26.05,47439.0,ATX,0.15000000000000213,0.579,Tuesday,December,2023
2023-12-18,26.2,26.2,25.65,25.65,57772.0,ATX,-0.5500000000000007,-2.099,Monday,December,2023
2023-12-15,26.35,26.35,26.05,26.05,64570.0,ATX,-0.3000000000000007,-1.139,Friday,December,2023
2023-12-14,26.35,26.35,26.1,26.2,37014.0,ATX,-0.15000000000000213,-0.569,Thursday,December,2023
2023-12-13,26.25,26.35,26.1,26.1,22198.0,ATX,-0.14999999999999858,-0.571,Wednesday,December,2023
2023-12-12,26.35,26.35,26.0,26.2,24126.0,ATX,-0.15000000000000213,-0.569,Tuesday,December,2023
2023-12-11,26.2,26.3,26.05,26.2,14734.0,ATX,0.0,0.0,Monday,December,2023
2023-12-08,26.3,26.3,25.95,26.15,18550.0,ATX,-0.15000000000000213,-0.57,Friday,December,2023
2023-12-07,26.3,26.35,26.15,26.15,28688.0,ATX,-0.15000000000000213,-0.57,Thursday,December,2023
2023-12-06,26.25,26.4,26.05,26.1,43330.0,ATX,-0.14999999999999858,-0.571,Wednesday,December,2023
2023-12-05,25.6,26.2,25.6,26.0,30298.0,ATX,0.3999999999999986,1.562,Tuesday,December,2023
2023-12-04,26.2,26.2,25.65,25.85,31321.0,ATX,-0.34999999999999787,-1.336,Monday,December,2023
2023-12-01,26.2,26.45,26.05,26.1,26285.0,ATX,-0.09999999999999787,-0.382,Friday,December,2023
2023-11-30,25.45,26.4,25.45,26.25,92622.0,ATX,0.8000000000000007,3.143,Thursday,November,2023
2023-11-29,25.9,26.1,25.5,25.5,52466.0,ATX,-0.3999999999999986,-1.544,Wednesday,November,2023
2023-11-28,26.1,26.25,26.0,26.0,34559.0,ATX,-0.10000000000000142,-0.383,Tuesday,November,2023
2023-11-27,26.05,26.15,25.9,26.05,24006.0,ATX,0.0,0.0,Monday,November,2023
2023-11-24,25.95,26.2,25.95,26.15,8805.0,ATX,0.1999999999999993,0.771,Friday,November,2023
2023-11-23,25.8,26.1,25.8,26.1,19589.0,ATX,0.3000000000000007,1.163,Thursday,November,2023
2023-11-22,26.2,26.2,26.0,26.05,14913.0,ATX,-0.14999999999999858,-0.573,Wednesday,November,2023
2023-11-21,25.9,26.3,25.9,26.3,28196.0,ATX,0.40000000000000213,1.544,Tuesday,November,2023
2023-11-20,26.05,26.1,25.8,26.05,43844.0,ATX,0.0,0.0,Monday,November,2023
2023-11-17,25.35,26.05,25.35,26.05,16533.0,ATX,0.6999999999999993,2.761,Friday,November,2023
2023-11-16,25.95,26.0,25.3,25.6,29719.0,ATX,-0.34999999999999787,-1.349,Thursday,November,2023
2023-11-15,26.25,26.25,25.7,25.7,26450.0,ATX,-0.5500000000000007,-2.095,Wednesday,November,2023
2023-11-14,25.95,26.1,25.6,26.1,25380.0,ATX,0.15000000000000213,0.578,Tuesday,November,2023
2023-11-13,25.8,25.9,25.6,25.8,19398.0,ATX,0.0,0.0,Monday,November,2023
2023-11-10,25.35,25.85,25.35,25.7,27001.0,ATX,0.34999999999999787,1.381,Friday,November,2023
2023-11-09,25.8,25.8,25.4,25.65,24659.0,ATX,-0.15000000000000213,-0.581,Thursday,November,2023
2023-11-08,25.4,25.7,25.0,25.65,23458.0,ATX,0.25,0.984,Wednesday,November,2023
2023-11-07,25.95,25.95,25.2,25.4,17287.0,ATX,-0.5500000000000007,-2.119,Tuesday,November,2023
2023-11-06,25.1,25.75,25.1,25.6,27211.0,ATX,0.5,1.992,Monday,November,2023
2023-11-03,25.8,25.85,25.5,25.8,32515.0,ATX,0.0,0.0,Friday,November,2023
2023-11-02,25.4,25.65,25.05,25.55,26703.0,ATX,0.15000000000000213,0.591,Thursday,November,2023
2023-11-01,25.4,25.45,25.1,25.15,15264.0,ATX,-0.25,-0.984,Wednesday,November,2023
2023-10-31,24.8,25.4,24.8,25.35,31959.0,ATX,0.5500000000000007,2.218,Tuesday,October,2023
2023-10-30,24.8,24.95,24.65,24.7,19333.0,ATX,-0.10000000000000142,-0.403,Monday,October,2023
2023-10-27,24.8,24.95,24.35,24.6,21942.0,ATX,-0.1999999999999993,-0.806,Friday,October,2023
2023-10-25,24.8,24.85,24.4,24.8,31750.0,ATX,0.0,0.0,Wednesday,October,2023
2023-10-24,24.55,24.8,24.55,24.8,25196.0,ATX,0.25,1.018,Tuesday,October,2023
2023-10-23,24.8,24.8,24.25,24.65,33458.0,ATX,-0.15000000000000213,-0.605,Monday,October,2023
2023-10-20,24.85,24.85,24.25,24.5,25103.0,ATX,-0.3500000000000014,-1.408,Friday,October,2023
2023-10-19,24.8,24.85,24.4,24.4,37884.0,ATX,-0.40000000000000213,-1.613,Thursday,October,2023
2023-10-18,25.4,25.4,24.65,24.85,38680.0,ATX,-0.5499999999999972,-2.165,Wednesday,October,2023
2023-10-17,25.55,25.55,25.05,25.4,33052.0,ATX,-0.15000000000000213,-0.587,Tuesday,October,2023
2023-10-16,25.2,25.5,25.1,25.3,29180.0,ATX,0.10000000000000142,0.397,Monday,October,2023
2023-10-13,25.15,25.35,25.1,25.25,19638.0,ATX,0.10000000000000142,0.398,Friday,October,2023
2023-10-12,25.5,25.7,25.25,25.4,19510.0,ATX,-0.10000000000000142,-0.392,Thursday,October,2023
2023-10-11,25.45,25.85,25.35,25.65,31508.0,ATX,0.1999999999999993,0.786,Wednesday,October,2023
2023-10-10,24.95,25.45,24.95,25.45,30255.0,ATX,0.5,2.004,Tuesday,October,2023
2023-10-09,25.25,25.5,24.85,24.85,32527.0,ATX,-0.3999999999999986,-1.584,Monday,October,2023
2023-10-06,25.1,25.55,24.4,25.5,41229.0,ATX,0.3999999999999986,1.594,Friday,October,2023
2023-10-05,25.7,25.7,25.2,25.25,25776.0,ATX,-0.4499999999999993,-1.751,Thursday,October,2023
2023-10-04,25.6,25.6,25.15,25.4,33862.0,ATX,-0.20000000000000284,-0.781,Wednesday,October,2023
2023-10-03,25.55,25.95,25.45,25.6,19293.0,ATX,0.05000000000000071,0.196,Tuesday,October,2023
2023-10-02,26.3,26.3,25.6,25.6,43011.0,ATX,-0.6999999999999993,-2.662,Monday,October,2023
2023-09-29,25.8,26.45,25.65,26.4,76023.0,ATX,0.5999999999999979,2.326,Friday,September,2023
2023-09-28,25.5,25.55,25.2,25.55,29310.0,ATX,0.05000000000000071,0.196,Thursday,September,2023
2023-09-27,25.8,26.05,25.4,25.6,24031.0,ATX,-0.1999999999999993,-0.775,Wednesday,September,2023
2023-09-26,25.8,26.1,25.8,26.05,24153.0,ATX,0.25,0.969,Tuesday,September,2023
2023-09-25,25.95,26.05,25.8,26.0,23358.0,ATX,0.05000000000000071,0.193,Monday,September,2023
2023-09-22,25.95,26.05,25.7,26.05,30716.0,ATX,0.10000000000000142,0.385,Friday,September,2023
2023-09-21,26.0,26.0,25.85,25.85,20174.0,ATX,-0.14999999999999858,-0.577,Thursday,September,2023
2023-09-20,25.9,26.1,25.9,26.0,78424.0,ATX,0.10000000000000142,0.386,Wednesday,September,2023
2023-09-19,25.95,26.2,25.85,26.0,50385.0,ATX,0.05000000000000071,0.193,Tuesday,September,2023
2023-09-18,25.6,26.05,25.6,26.05,24968.0,ATX,0.4499999999999993,1.758,Monday,September,2023
2023-09-15,25.8,25.85,25.65,25.8,64969.0,ATX,0.0,0.0,Friday,September,2023
2023-09-14,25.75,25.85,25.6,25.65,15393.0,ATX,-0.10000000000000142,-0.388,Thursday,September,2023
2023-09-13,25.85,25.9,25.65,25.8,9468.0,ATX,-0.05000000000000071,-0.193,Wednesday,September,2023
2023-09-12,25.7,25.9,25.55,25.9,35319.0,ATX,0.1999999999999993,0.778,Tuesday,September,2023
2023-09-11,25.2,25.7,25.2,25.65,27475.0,ATX,0.4499999999999993,1.786,Monday,September,2023
2023-09-08,25.3,25.4,25.25,25.35,16168.0,ATX,0.05000000000000071,0.198,Friday,September,2023
2023-09-07,25.35,25.5,25.25,25.3,30649.0,ATX,-0.05000000000000071,-0.197,Thursday,September,2023
2023-09-06,25.0,25.4,24.9,25.35,38759.0,ATX,0.3500000000000014,1.4,Wednesday,September,2023
2023-09-05,25.0,25.2,24.85,25.15,9840.0,ATX,0.14999999999999858,0.6,Tuesday,September,2023
2023-09-04,25.2,25.3,24.85,24.9,14622.0,ATX,-0.3000000000000007,-1.19,Monday,September,2023
2023-09-01,24.9,25.2,24.75,25.1,14185.0,ATX,0.20000000000000284,0.803,Friday,September,2023
2023-08-31,25.1,25.1,24.75,24.75,32817.0,ATX,-0.3500000000000014,-1.394,Thursday,August,2023
2023-08-30,25.3,25.45,25.0,25.0,13533.0,ATX,-0.3000000000000007,-1.186,Wednesday,August,2023
2023-08-29,25.0,25.4,25.0,25.25,7507.0,ATX,0.25,1.0,Tuesday,August,2023
2023-08-28,25.5,25.5,25.05,25.05,9435.0,ATX,-0.4499999999999993,-1.765,Monday,August,2023
2023-08-25,24.7,25.3,24.7,24.95,15356.0,ATX,0.25,1.012,Friday,August,2023
2023-08-24,25.0,25.0,24.75,25.0,8097.0,ATX,0.0,0.0,Thursday,August,2023
2023-08-23,24.9,25.1,24.75,24.9,14238.0,ATX,0.0,0.0,Wednesday,August,2023
2023-08-22,25.1,25.35,24.85,25.0,31052.0,ATX,-0.10000000000000142,-0.398,Tuesday,August,2023
2023-08-21,25.6,25.6,24.65,24.95,27810.0,ATX,-0.6500000000000021,-2.539,Monday,August,2023
2023-08-18,25.75,25.75,25.15,25.55,39441.0,ATX,-0.1999999999999993,-0.777,Friday,August,2023
2023-08-17,24.4,25.75,24.2,25.7,87884.0,ATX,1.3000000000000007,5.328,Thursday,August,2023
2023-08-16,24.05,25.0,24.05,24.4,84797.0,ATX,0.34999999999999787,1.455,Wednesday,August,2023
2023-08-15,24.25,24.25,24.1,24.2,10911.0,ATX,-0.05000000000000071,-0.206,Tuesday,August,2023
2023-08-14,24.5,24.5,24.15,24.45,13233.0,ATX,-0.05000000000000071,-0.204,Monday,August,2023
2023-08-11,24.75,24.75,24.15,24.2,13797.0,ATX,-0.5500000000000007,-2.222,Friday,August,2023
2023-08-10,24.4,24.75,24.35,24.5,13545.0,ATX,0.10000000000000142,0.41,Thursday,August,2023
2023-08-09,24.75,24.75,24.45,24.5,30746.0,ATX,-0.25,-1.01,Wednesday,August,2023
2023-08-08,24.7,24.75,24.4,24.75,39962.0,ATX,0.05000000000000071,0.202,Tuesday,August,2023
2023-08-07,24.55,24.7,24.45,24.7,20514.0,ATX,0.14999999999999858,0.611,Monday,August,2023
2023-08-04,24.15,24.55,24.15,24.55,14053.0,ATX,0.40000000000000213,1.656,Friday,August,2023
2023-08-03,24.55,24.55,24.2,24.35,11691.0,ATX,-0.1999999999999993,-0.815,Thursday,August,2023
2023-08-02,24.75,24.75,24.35,24.45,18547.0,ATX,-0.3000000000000007,-1.212,Wednesday,August,2023
2023-08-01,24.7,24.8,24.35,24.7,19204.0,ATX,0.0,0.0,Tuesday,August,2023
2023-07-31,24.0,24.5,23.95,24.3,41467.0,ATX,0.3000000000000007,1.25,Monday,July,2023
2023-07-28,23.7,24.3,23.7,23.9,23966.0,ATX,0.1999999999999993,0.844,Friday,July,2023
2023-07-27,23.65,24.1,23.65,23.9,11794.0,ATX,0.25,1.057,Thursday,July,2023
2023-07-26,24.2,24.2,23.75,23.9,34386.0,ATX,-0.3000000000000007,-1.24,Wednesday,July,2023
2023-07-25,23.85,24.2,23.7,24.1,14885.0,ATX,0.25,1.048,Tuesday,July,2023
2023-07-24,23.65,23.9,23.65,23.8,8049.0,ATX,0.15000000000000213,0.634,Monday,July,2023
2023-07-21,23.95,24.0,23.8,23.9,11567.0,ATX,-0.05000000000000071,-0.209,Friday,July,2023
2023-07-20,23.5,23.9,23.5,23.8,13513.0,ATX,0.3000000000000007,1.277,Thursday,July,2023
2023-07-19,23.95,23.95,23.55,23.7,15829.0,ATX,-0.25,-1.044,Wednesday,July,2023
2023-07-18,23.6,23.9,23.55,23.65,26682.0,ATX,0.04999999999999716,0.212,Tuesday,July,2023
2023-07-17,23.75,23.85,23.5,23.65,13831.0,ATX,-0.10000000000000142,-0.421,Monday,July,2023
2023-07-14,24.0,24.0,23.6,23.6,41137.0,ATX,-0.3999999999999986,-1.667,Friday,July,2023
2023-07-13,24.45,24.45,24.1,24.1,17739.0,ATX,-0.34999999999999787,-1.431,Thursday,July,2023
2023-07-12,23.8,24.2,23.8,24.1,20872.0,ATX,0.3000000000000007,1.261,Wednesday,July,2023
2023-07-11,24.0,24.1,23.8,24.0,27331.0,ATX,0.0,0.0,Tuesday,July,2023
2023-07-10,24.1,24.1,23.75,23.75,19187.0,ATX,-0.3500000000000014,-1.452,Monday,July,2023
2023-07-07,23.85,24.0,23.65,24.0,21894.0,ATX,0.14999999999999858,0.629,Friday,July,2023
2023-07-06,24.0,24.0,23.55,23.65,15486.0,ATX,-0.3500000000000014,-1.458,Thursday,July,2023
2023-07-05,24.0,24.0,23.7,23.9,17580.0,ATX,-0.10000000000000142,-0.417,Wednesday,July,2023
2023-07-04,23.8,24.05,23.8,23.8,14169.0,ATX,0.0,0.0,Tuesday,July,2023
2023-07-03,23.7,24.15,23.7,23.85,23289.0,ATX,0.15000000000000213,0.633,Monday,July,2023
2023-06-30,23.3,24.0,23.3,23.95,35426.0,ATX,0.6499999999999986,2.79,Friday,June,2023
2023-06-29,23.5,23.55,23.3,23.55,11718.0,ATX,0.05000000000000071,0.213,Thursday,June,2023
2023-06-28,23.6,23.65,23.35,23.45,16993.0,ATX,-0.15000000000000213,-0.636,Wednesday,June,2023
2023-06-27,23.9,23.9,23.5,23.5,19267.0,ATX,-0.3999999999999986,-1.674,Tuesday,June,2023
2023-06-26,24.0,24.25,23.6,23.7,21607.0,ATX,-0.3000000000000007,-1.25,Monday,June,2023
2023-06-23,24.0,24.25,23.75,24.2,20829.0,ATX,0.1999999999999993,0.833,Friday,June,2023
2023-06-22,24.0,24.0,23.75,23.75,20697.0,ATX,-0.25,-1.042,Thursday,June,2023
2023-06-21,24.4,24.4,24.05,24.05,16457.0,ATX,-0.34999999999999787,-1.434,Wednesday,June,2023
2023-06-20,24.2,24.35,24.15,24.15,15451.0,ATX,-0.05000000000000071,-0.207,Tuesday,June,2023
2023-06-19,24.2,24.25,24.15,24.25,16587.0,ATX,0.05000000000000071,0.207,Monday,June,2023
2023-06-16,24.15,24.3,23.9,24.2,61478.0,ATX,0.05000000000000071,0.207,Friday,June,2023
2023-06-15,24.05,24.15,23.95,24.05,19695.0,ATX,0.0,0.0,Thursday,June,2023
2023-06-14,24.2,24.25,24.05,24.15,17981.0,ATX,-0.05000000000000071,-0.207,Wednesday,June,2023
2023-06-13,24.25,24.25,23.85,24.0,30669.0,ATX,-0.25,-1.031,Tuesday,June,2023
2023-06-12,24.1,24.35,24.05,24.15,28068.0,ATX,0.04999999999999716,0.207,Monday,June,2023
2023-06-09,23.8,24.1,23.8,24.0,25983.0,ATX,0.1999999999999993,0.84,Friday,June,2023
2023-06-08,24.0,24.05,23.8,23.85,17354.0,ATX,-0.14999999999999858,-0.625,Thursday,June,2023
2023-06-07,23.95,24.05,23.65,23.75,31911.0,ATX,-0.1999999999999993,-0.835,Wednesday,June,2023
2023-06-06,24.05,24.1,23.9,24.0,28423.0,ATX,-0.05000000000000071,-0.208,Tuesday,June,2023
2023-06-05,24.2,24.45,23.95,24.1,17328.0,ATX,-0.09999999999999787,-0.413,Monday,June,2023
2023-06-02,24.0,24.35,23.95,24.35,41541.0,ATX,0.3500000000000014,1.458,Friday,June,2023
2023-06-01,24.65,24.65,23.7,23.75,37419.0,ATX,-0.8999999999999986,-3.651,Thursday,June,2023
2023-05-31,24.6,24.7,24.3,24.3,85896.0,ATX,-0.3000000000000007,-1.22,Wednesday,May,2023
2023-05-30,24.75,24.9,24.4,24.7,54779.0,ATX,-0.05000000000000071,-0.202,Tuesday,May,2023
2023-05-29,25.7,26.0,25.65,25.8,29465.0,ATX,0.10000000000000142,0.389,Monday,May,2023
2023-05-26,25.5,25.95,25.25,25.85,69956.0,ATX,0.3500000000000014,1.373,Friday,May,2023
2023-05-25,26.1,26.1,25.2,25.5,60107.0,ATX,-0.6000000000000014,-2.299,Thursday,May,2023
2023-05-24,26.6,26.6,25.9,25.95,27229.0,ATX,-0.6500000000000021,-2.444,Wednesday,May,2023
2023-05-23,26.3,26.7,26.3,26.6,33043.0,ATX,0.3000000000000007,1.141,Tuesday,May,2023
2023-05-22,26.35,26.45,26.2,26.45,24926.0,ATX,0.09999999999999787,0.38,Monday,May,2023
2023-05-19,26.65,26.65,26.05,26.1,22788.0,ATX,-0.5499999999999972,-2.064,Friday,May,2023
2023-05-18,26.0,26.45,25.9,26.15,31985.0,ATX,0.14999999999999858,0.577,Thursday,May,2023
2023-05-17,26.0,26.15,25.85,26.15,26457.0,ATX,0.14999999999999858,0.577,Wednesday,May,2023
2023-05-16,26.45,26.55,25.9,25.9,23652.0,ATX,-0.5500000000000007,-2.079,Tuesday,May,2023
2023-05-15,26.45,26.6,26.3,26.5,14437.0,ATX,0.05000000000000071,0.189,Monday,May,2023
2023-05-12,26.8,26.9,26.35,26.4,20408.0,ATX,-0.40000000000000213,-1.493,Friday,May,2023
2023-05-11,26.85,26.9,26.35,26.85,33931.0,ATX,0.0,0.0,Thursday,May,2023
2023-05-10,27.15,27.15,26.4,26.5,44367.0,ATX,-0.6499999999999986,-2.394,Wednesday,May,2023
2023-05-09,27.2,27.25,26.75,27.2,44014.0,ATX,0.0,0.0,Tuesday,May,2023
2023-05-08,27.0,27.4,26.8,27.35,42921.0,ATX,0.3500000000000014,1.296,Monday,May,2023
2023-05-05,26.55,27.0,26.55,26.85,19430.0,ATX,0.3000000000000007,1.13,Friday,May,2023
2023-05-04,26.75,27.05,26.6,26.7,38319.0,ATX,-0.05000000000000071,-0.187,Thursday,May,2023
2023-05-03,26.5,26.8,26.4,26.7,16482.0,ATX,0.1999999999999993,0.755,Wednesday,May,2023
2023-05-02,26.35,26.85,26.35,26.6,23925.0,ATX,0.25,0.949,Tuesday,May,2023
2023-04-28,26.6,26.75,26.35,26.65,31023.0,ATX,0.04999999999999716,0.188,Friday,April,2023
2023-04-27,26.6,26.65,26.5,26.6,27518.0,ATX,0.0,0.0,Thursday,April,2023
2023-04-26,26.2,26.6,26.2,26.6,25495.0,ATX,0.40000000000000213,1.527,Wednesday,April,2023
2023-04-25,26.15,26.5,26.15,26.4,15170.0,ATX,0.25,0.956,Tuesday,April,2023
2023-04-24,26.75,26.75,26.15,26.45,24652.0,ATX,-0.3000000000000007,-1.121,Monday,April,2023
2023-04-21,26.5,26.6,26.05,26.5,31818.0,ATX,0.0,0.0,Friday,April,2023
2023-04-20,26.1,26.75,26.1,26.6,94775.0,ATX,0.5,1.916,Thursday,April,2023
2023-04-19,26.3,26.7,26.2,26.4,60919.0,ATX,0.09999999999999787,0.38,Wednesday,April,2023
2023-04-18,26.5,26.5,26.05,26.25,28779.0,ATX,-0.25,-0.943,Tuesday,April,2023
2023-04-17,25.9,26.35,25.85,26.35,43527.0,ATX,0.45000000000000284,1.737,Monday,April,2023
2023-04-14,25.8,26.05,25.7,26.0,28919.0,ATX,0.1999999999999993,0.775,Friday,April,2023
2023-04-13,25.7,26.05,25.6,26.0,41643.0,ATX,0.3000000000000007,1.167,Thursday,April,2023
2023-04-12,25.65,25.75,25.4,25.7,35702.0,ATX,0.05000000000000071,0.195,Wednesday,April,2023
2023-04-11,25.35,25.8,25.35,25.75,30734.0,ATX,0.3999999999999986,1.578,Tuesday,April,2023
2023-04-06,24.8,25.35,24.8,25.35,34926.0,ATX,0.5500000000000007,2.218,Thursday,April,2023
2023-04-05,24.65,24.95,24.35,24.85,62310.0,ATX,0.20000000000000284,0.811,Wednesday,April,2023
2023-04-04,24.65,25.0,24.55,24.6,30967.0,ATX,-0.04999999999999716,-0.203,Tuesday,April,2023
2023-04-03,24.9,25.0,24.55,24.65,29959.0,ATX,-0.25,-1.004,Monday,April,2023
2023-03-31,24.9,24.9,24.35,24.75,81234.0,ATX,-0.14999999999999858,-0.602,Friday,March,2023
2023-03-30,24.5,24.8,24.45,24.65,26311.0,ATX,0.14999999999999858,0.612,Thursday,March,2023
2023-03-29,23.85,24.45,23.85,24.4,36223.0,ATX,0.5499999999999972,2.306,Wednesday,March,2023
2023-03-28,24.5,24.5,23.85,23.9,37260.0,ATX,-0.6000000000000014,-2.449,Tuesday,March,2023
2023-03-27,24.15,24.25,23.75,24.1,41984.0,ATX,-0.04999999999999716,-0.207,Monday,March,2023
2023-03-24,24.5,24.5,23.65,23.9,62180.0,ATX,-0.6000000000000014,-2.449,Friday,March,2023
2023-03-23,24.3,24.45,24.0,24.3,23596.0,ATX,0.0,0.0,Thursday,March,2023
2023-03-22,24.2,24.35,24.0,24.2,36463.0,ATX,0.0,0.0,Wednesday,March,2023
2023-03-21,24.15,24.6,24.05,24.4,56147.0,ATX,0.25,1.035,Tuesday,March,2023
2023-03-20,23.6,24.0,22.95,23.75,71604.0,ATX,0.14999999999999858,0.636,Monday,March,2023
2023-03-17,24.65,24.65,23.6,23.8,101972.0,ATX,-0.8499999999999979,-3.448,Friday,March,2023
2023-03-16,23.85,24.15,23.8,24.0,104485.0,ATX,0.14999999999999858,0.629,Thursday,March,2023
2023-03-15,24.65,24.85,23.05,23.7,62750.0,ATX,-0.9499999999999993,-3.854,Wednesday,March,2023
2023-03-14,25.0,25.0,24.1,24.8,69700.0,ATX,-0.1999999999999993,-0.8,Tuesday,March,2023
2023-03-13,25.8,25.8,24.7,24.9,72686.0,ATX,-0.9000000000000021,-3.488,Monday,March,2023
2023-03-10,25.4,25.8,25.4,25.8,31483.0,ATX,0.40000000000000213,1.575,Friday,March,2023
2023-03-09,26.45,26.45,25.95,26.0,29834.0,ATX,-0.4499999999999993,-1.701,Thursday,March,2023
2023-03-08,26.45,26.45,26.1,26.35,19072.0,ATX,-0.09999999999999787,-0.378,Wednesday,March,2023
2023-03-07,26.3,26.65,26.1,26.55,39368.0,ATX,0.25,0.951,Tuesday,March,2023
2023-03-06,26.4,26.5,26.1,26.1,34145.0,ATX,-0.29999999999999716,-1.136,Monday,March,2023
2023-03-03,26.9,26.9,26.4,26.45,34582.0,ATX,-0.4499999999999993,-1.673,Friday,March,2023
2023-03-02,26.1,26.8,26.1,26.5,39028.0,ATX,0.3999999999999986,1.533,Thursday,March,2023
2023-03-01,26.8,26.8,26.35,26.4,44506.0,ATX,-0.40000000000000213,-1.493,Wednesday,March,2023
2023-02-28,26.0,26.6,25.8,26.45,73800.0,ATX,0.4499999999999993,1.731,Tuesday,February,2023
2023-02-27,25.2,25.95,25.2,25.8,24396.0,ATX,0.6000000000000014,2.381,Monday,February,2023
2023-02-24,25.35,25.75,25.35,25.45,23952.0,ATX,0.09999999999999787,0.394,Friday,February,2023
2023-02-23,25.85,25.85,25.35,25.4,30670.0,ATX,-0.45000000000000284,-1.741,Thursday,February,2023
2023-02-22,25.25,25.55,25.05,25.5,55777.0,ATX,0.25,0.99,Wednesday,February,2023
2023-02-21,25.4,25.65,25.3,25.6,36057.0,ATX,0.20000000000000284,0.787,Tuesday,February,2023
2023-02-20,25.75,25.75,24.85,25.5,65223.0,ATX,-0.25,-0.971,Monday,February,2023
2023-02-17,25.35,25.8,25.2,25.7,31674.0,ATX,0.34999999999999787,1.381,Friday,February,2023
2023-02-16,25.45,25.7,25.05,25.7,55300.0,ATX,0.25,0.982,Thursday,February,2023
2023-02-15,25.5,25.5,25.25,25.25,16017.0,ATX,-0.25,-0.98,Wednesday,February,2023
2023-02-14,25.25,25.7,25.25,25.3,30897.0,ATX,0.05000000000000071,0.198,Tuesday,February,2023
2023-02-13,25.4,25.75,25.4,25.55,23776.0,ATX,0.15000000000000213,0.591,Monday,February,2023
2023-02-10,25.6,25.7,25.35,25.65,23043.0,ATX,0.04999999999999716,0.195,Friday,February,2023
2023-02-09,25.2,25.8,25.2,25.8,57385.0,ATX,0.6000000000000014,2.381,Thursday,February,2023
2023-02-08,25.1,25.4,25.05,25.3,24167.0,ATX,0.1999999999999993,0.797,Wednesday,February,2023
2023-02-07,24.65,24.9,24.65,24.85,25848.0,ATX,0.20000000000000284,0.811,Tuesday,February,2023
2023-02-06,25.4,25.4,24.8,24.9,19319.0,ATX,-0.5,-1.969,Monday,February,2023
2023-02-03,25.5,25.6,25.05,25.35,61768.0,ATX,-0.14999999999999858,-0.588,Friday,February,2023
2023-02-02,25.55,25.55,25.15,25.15,33434.0,ATX,-0.40000000000000213,-1.566,Thursday,February,2023
2023-02-01,25.0,25.55,24.9,25.45,52255.0,ATX,0.4499999999999993,1.8,Wednesday,February,2023
2023-01-31,24.65,25.0,24.55,24.95,48127.0,ATX,0.3000000000000007,1.217,Tuesday,January,2023
2023-01-30,24.8,24.95,24.6,24.8,34422.0,ATX,0.0,0.0,Monday,January,2023
2023-01-27,24.9,24.9,24.7,24.8,24885.0,ATX,-0.09999999999999787,-0.402,Friday,January,2023
2023-01-26,24.7,24.9,24.65,24.7,28911.0,ATX,0.0,0.0,Thursday,January,2023
2023-01-25,24.65,24.9,24.65,24.9,26437.0,ATX,0.25,1.014,Wednesday,January,2023
2023-01-24,24.75,24.85,24.55,24.65,35264.0,ATX,-0.10000000000000142,-0.404,Tuesday,January,2023
2023-01-23,24.4,24.9,24.4,24.85,25118.0,ATX,0.45000000000000284,1.844,Monday,January,2023
2023-01-20,24.45,24.65,23.95,24.6,27872.0,ATX,0.15000000000000213,0.613,Friday,January,2023
2023-01-19,24.3,24.5,24.05,24.45,42899.0,ATX,0.14999999999999858,0.617,Thursday,January,2023
2023-01-18,24.3,24.6,24.05,24.4,68275.0,ATX,0.09999999999999787,0.412,Wednesday,January,2023
2023-01-17,24.2,24.3,24.1,24.3,27834.0,ATX,0.10000000000000142,0.413,Tuesday,January,2023
2023-01-16,23.7,24.2,23.6,24.1,45726.0,ATX,0.40000000000000213,1.688,Monday,January,2023
2023-01-13,23.65,23.85,23.6,23.7,33816.0,ATX,0.05000000000000071,0.211,Friday,January,2023
2023-01-12,23.45,23.9,23.4,23.45,76874.0,ATX,0.0,0.0,Thursday,January,2023
2023-01-11,22.65,23.3,22.55,23.3,57921.0,ATX,0.6500000000000021,2.87,Wednesday,January,2023
2023-01-10,22.9,22.9,22.3,22.3,36658.0,ATX,-0.5999999999999979,-2.62,Tuesday,January,2023
2023-01-09,23.0,23.15,22.8,22.8,46696.0,ATX,-0.1999999999999993,-0.87,Monday,January,2023
2023-01-06,22.85,23.1,22.65,23.05,28318.0,ATX,0.1999999999999993,0.875,Friday,January,2023
2023-01-05,22.95,22.95,22.65,22.65,19317.0,ATX,-0.3000000000000007,-1.307,Thursday,January,2023
2023-01-04,22.4,22.95,22.4,22.95,41882.0,ATX,0.5500000000000007,2.455,Wednesday,January,2023
2023-01-03,22.5,22.55,22.2,22.4,30636.0,ATX,-0.10000000000000142,-0.444,Tuesday,January,2023
2023-01-02,22.55,22.55,22.25,22.25,17150.0,ATX,-0.3000000000000007,-1.33,Monday,January,2023
2022-12-30,22.15,22.35,22.15,22.35,16425.0,ATX,0.20000000000000284,0.903,Friday,December,2022
2022-12-29,22.25,22.5,22.15,22.4,50182.0,ATX,0.14999999999999858,0.674,Thursday,December,2022
2022-12-28,22.6,22.6,22.2,22.25,27402.0,ATX,-0.3500000000000014,-1.549,Wednesday,December,2022
2022-12-27,22.5,22.55,22.4,22.45,11107.0,ATX,-0.05000000000000071,-0.222,Tuesday,December,2022
2022-12-23,22.1,22.5,22.1,22.45,44346.0,ATX,0.34999999999999787,1.584,Friday,December,2022
2022-12-22,22.05,22.25,22.0,22.2,31126.0,ATX,0.14999999999999858,0.68,Thursday,December,2022
2022-12-21,21.6,22.2,21.6,22.15,65789.0,ATX,0.5499999999999972,2.546,Wednesday,December,2022
2022-12-20,21.65,21.8,21.45,21.6,46566.0,ATX,-0.04999999999999716,-0.231,Tuesday,December,2022
2022-12-19,21.45,21.75,21.4,21.55,47391.0,ATX,0.10000000000000142,0.466,Monday,December,2022
2022-12-16,21.4,21.7,21.35,21.55,60814.0,ATX,0.15000000000000213,0.701,Friday,December,2022
2022-12-15,22.0,22.0,21.5,21.5,71848.0,ATX,-0.5,-2.273,Thursday,December,2022
2022-12-14,21.7,21.95,21.5,21.85,53078.0,ATX,0.15000000000000213,0.691,Wednesday,December,2022
2022-12-13,21.55,21.85,21.5,21.75,44802.0,ATX,0.1999999999999993,0.928,Tuesday,December,2022
2022-12-12,21.7,21.75,21.45,21.5,57437.0,ATX,-0.1999999999999993,-0.922,Monday,December,2022
2022-12-09,21.85,21.85,21.5,21.7,55091.0,ATX,-0.15000000000000213,-0.686,Friday,December,2022
2022-12-08,22.05,22.05,21.65,21.7,41508.0,ATX,-0.3500000000000014,-1.587,Thursday,December,2022
2022-12-07,22.25,22.25,21.85,21.85,45648.0,ATX,-0.3999999999999986,-1.798,Wednesday,December,2022
2022-12-06,22.2,22.3,21.95,22.05,42284.0,ATX,-0.14999999999999858,-0.676,Tuesday,December,2022
2022-12-05,22.25,22.3,21.95,22.0,67716.0,ATX,-0.25,-1.124,Monday,December,2022
2022-12-02,22.5,22.5,22.1,22.15,50949.0,ATX,-0.3500000000000014,-1.556,Friday,December,2022
2022-12-01,22.25,22.5,22.25,22.25,36708.0,ATX,0.0,0.0,Thursday,December,2022
2022-11-30,22.75,22.8,22.3,22.3,64845.0,ATX,-0.4499999999999993,-1.978,Wednesday,November,2022
2022-11-29,22.75,22.75,22.4,22.55,43012.0,ATX,-0.1999999999999993,-0.879,Tuesday,November,2022
2022-11-28,23.0,23.0,22.5,22.6,36167.0,ATX,-0.3999999999999986,-1.739,Monday,November,2022
2022-11-25,23.25,23.25,22.85,22.85,33672.0,ATX,-0.3999999999999986,-1.72,Friday,November,2022
2022-11-24,22.9,23.05,22.35,23.0,72208.0,ATX,0.10000000000000142,0.437,Thursday,November,2022
2022-11-23,22.5,22.8,22.5,22.6,42831.0,ATX,0.10000000000000142,0.444,Wednesday,November,2022
2022-11-22,22.8,22.85,22.55,22.6,39581.0,ATX,-0.1999999999999993,-0.877,Tuesday,November,2022
2022-11-21,22.85,22.85,22.5,22.65,12236.0,ATX,-0.20000000000000284,-0.875,Monday,November,2022
2022-11-18,22.5,22.75,22.4,22.65,31895.0,ATX,0.14999999999999858,0.667,Friday,November,2022
2022-11-17,22.95,23.0,22.3,22.55,50440.0,ATX,-0.3999999999999986,-1.743,Thursday,November,2022
2022-11-16,23.0,23.05,22.55,22.65,41167.0,ATX,-0.3500000000000014,-1.522,Wednesday,November,2022
2022-11-15,23.0,23.4,22.8,22.9,108403.0,ATX,-0.10000000000000142,-0.435,Tuesday,November,2022
2022-11-14,23.5,23.5,22.9,22.9,56521.0,ATX,-0.6000000000000014,-2.553,Monday,November,2022
2022-11-11,23.5,23.5,22.9,23.3,36788.0,ATX,-0.1999999999999993,-0.851,Friday,November,2022
2022-11-10,22.9,23.55,22.9,23.5,69660.0,ATX,0.6000000000000014,2.62,Thursday,November,2022
2022-11-09,23.15,23.2,22.9,23.1,31543.0,ATX,-0.04999999999999716,-0.216,Wednesday,November,2022
2022-11-08,23.25,23.25,22.95,23.05,41867.0,ATX,-0.1999999999999993,-0.86,Tuesday,November,2022
2022-11-07,23.1,23.45,23.05,23.05,33920.0,ATX,-0.05000000000000071,-0.216,Monday,November,2022
2022-11-04,22.95,23.2,22.8,23.1,32323.0,ATX,0.15000000000000213,0.654,Friday,November,2022
2022-11-03,22.55,23.0,22.55,22.9,25860.0,ATX,0.34999999999999787,1.552,Thursday,November,2022
2022-11-02,23.0,23.0,22.55,22.75,25537.0,ATX,-0.25,-1.087,Wednesday,November,2022
2022-11-01,22.95,22.95,22.55,22.9,20890.0,ATX,-0.05000000000000071,-0.218,Tuesday,November,2022
2022-10-31,22.6,22.95,22.6,22.65,36420.0,ATX,0.04999999999999716,0.221,Monday,October,2022
2022-10-28,22.4,23.0,22.4,22.5,37467.0,ATX,0.10000000000000142,0.446,Friday,October,2022
2022-10-27,22.75,23.0,22.5,22.75,28559.0,ATX,0.0,0.0,Thursday,October,2022
2022-10-25,22.7,22.75,22.15,22.5,21724.0,ATX,-0.1999999999999993,-0.881,Tuesday,October,2022
2022-10-24,22.15,22.65,21.9,22.5,54186.0,ATX,0.3500000000000014,1.58,Monday,October,2022
2022-10-21,21.95,21.95,21.55,21.85,33024.0,ATX,-0.09999999999999787,-0.456,Friday,October,2022
2022-10-20,21.85,21.95,21.7,21.8,17290.0,ATX,-0.05000000000000071,-0.229,Thursday,October,2022
2022-10-19,21.75,21.75,21.6,21.75,20407.0,ATX,0.0,0.0,Wednesday,October,2022
2022-10-18,21.8,21.85,21.65,21.8,26278.0,ATX,0.0,0.0,Tuesday,October,2022
2022-10-17,21.3,21.75,21.3,21.55,35906.0,ATX,0.25,1.174,Monday,October,2022
2022-10-14,21.9,21.9,21.2,21.25,54687.0,ATX,-0.6499999999999986,-2.968,Friday,October,2022
2022-10-13,20.95,21.45,20.95,21.35,54182.0,ATX,0.40000000000000213,1.909,Thursday,October,2022
2022-10-12,21.4,22.15,21.15,21.25,56313.0,ATX,-0.14999999999999858,-0.701,Wednesday,October,2022
2022-10-11,21.45,21.75,21.15,21.65,62812.0,ATX,0.1999999999999993,0.932,Tuesday,October,2022
2022-10-10,21.45,22.15,21.35,21.5,30541.0,ATX,0.05000000000000071,0.233,Monday,October,2022
2022-10-07,21.8,21.8,21.25,21.5,21058.0,ATX,-0.3000000000000007,-1.376,Friday,October,2022
2022-10-06,22.4,22.4,21.55,21.6,14840.0,ATX,-0.7999999999999972,-3.571,Thursday,October,2022
2022-10-05,22.1,22.1,21.65,21.9,51305.0,ATX,-0.20000000000000284,-0.905,Wednesday,October,2022
2022-10-04,21.8,22.45,21.4,21.9,27500.0,ATX,0.09999999999999787,0.459,Tuesday,October,2022
2022-10-03,21.0,21.4,20.6,21.25,49559.0,ATX,0.25,1.19,Monday,October,2022
2022-09-30,20.6,21.1,20.6,20.9,34745.0,ATX,0.29999999999999716,1.456,Friday,September,2022
2022-09-29,21.1,21.4,20.75,20.85,76055.0,ATX,-0.25,-1.185,Thursday,September,2022
2022-09-28,21.0,21.1,20.55,21.0,94236.0,ATX,0.0,0.0,Wednesday,September,2022
2022-09-27,21.4,21.5,21.0,21.0,50833.0,ATX,-0.3999999999999986,-1.869,Tuesday,September,2022
2022-09-26,21.5,21.65,21.4,21.5,40413.0,ATX,0.0,0.0,Monday,September,2022
2022-09-23,22.35,22.4,21.6,21.7,59171.0,ATX,-0.6500000000000021,-2.908,Friday,September,2022
2022-09-22,22.5,22.5,22.25,22.5,40430.0,ATX,0.0,0.0,Thursday,September,2022
2022-09-21,22.5,22.8,22.4,22.6,27834.0,ATX,0.10000000000000142,0.444,Wednesday,September,2022
2022-09-20,23.0,23.3,22.65,22.7,33218.0,ATX,-0.3000000000000007,-1.304,Tuesday,September,2022
2022-09-19,23.25,23.25,22.5,23.15,32605.0,ATX,-0.10000000000000142,-0.43,Monday,September,2022
2022-09-16,23.45,23.45,22.95,23.15,125629.0,ATX,-0.3000000000000007,-1.279,Friday,September,2022
2022-09-15,23.1,23.35,23.0,23.3,31765.0,ATX,0.1999999999999993,0.866,Thursday,September,2022
2022-09-14,22.75,23.3,22.75,23.1,33254.0,ATX,0.3500000000000014,1.538,Wednesday,September,2022
2022-09-13,23.6,23.65,23.3,23.3,47224.0,ATX,-0.3000000000000007,-1.271,Tuesday,September,2022
2022-09-12,22.65,23.5,22.65,23.35,40505.0,ATX,0.7000000000000028,3.091,Monday,September,2022
2022-09-09,22.9,23.05,22.55,22.75,25578.0,ATX,-0.14999999999999858,-0.655,Friday,September,2022
2022-09-08,22.6,23.05,22.55,22.95,25455.0,ATX,0.34999999999999787,1.549,Thursday,September,2022
2022-09-07,23.2,23.2,22.5,22.65,25352.0,ATX,-0.5500000000000007,-2.371,Wednesday,September,2022
2022-09-06,23.2,23.2,22.8,22.8,28097.0,ATX,-0.3999999999999986,-1.724,Tuesday,September,2022
2022-09-05,22.9,22.95,22.7,22.85,16490.0,ATX,-0.04999999999999716,-0.218,Monday,September,2022
2022-09-02,23.3,23.35,23.0,23.2,29862.0,ATX,-0.10000000000000142,-0.429,Friday,September,2022
2022-09-01,23.75,23.75,23.05,23.25,30472.0,ATX,-0.5,-2.105,Thursday,September,2022
2022-08-31,23.25,23.7,23.25,23.65,74962.0,ATX,0.3999999999999986,1.72,Wednesday,August,2022
2022-08-30,23.0,23.85,22.95,23.35,74191.0,ATX,0.3500000000000014,1.522,Tuesday,August,2022
2022-08-29,22.75,22.95,22.5,22.85,25848.0,ATX,0.10000000000000142,0.44,Monday,August,2022
2022-08-26,23.0,23.0,22.6,22.7,26127.0,ATX,-0.3000000000000007,-1.304,Friday,August,2022
2022-08-25,22.85,23.0,22.6,22.75,28278.0,ATX,-0.10000000000000142,-0.438,Thursday,August,2022
2022-08-24,22.8,22.85,22.6,22.85,23848.0,ATX,0.05000000000000071,0.219,Wednesday,August,2022
2022-08-23,22.75,22.75,22.35,22.65,43952.0,ATX,-0.10000000000000142,-0.44,Tuesday,August,2022
2022-08-22,22.65,23.0,22.6,22.6,25348.0,ATX,-0.04999999999999716,-0.221,Monday,August,2022
2022-08-19,23.65,23.65,22.6,22.9,27204.0,ATX,-0.75,-3.171,Friday,August,2022
2022-08-18,22.75,23.35,22.1,23.35,33066.0,ATX,0.6000000000000014,2.637,Thursday,August,2022
2022-08-17,23.8,23.8,23.2,23.35,17601.0,ATX,-0.4499999999999993,-1.891,Wednesday,August,2022
2022-08-16,23.4,23.75,23.3,23.5,33928.0,ATX,0.10000000000000142,0.427,Tuesday,August,2022
2022-08-15,23.9,23.9,23.45,23.5,12417.0,ATX,-0.3999999999999986,-1.674,Monday,August,2022
2022-08-12,23.25,23.95,23.25,23.75,71069.0,ATX,0.5,2.151,Friday,August,2022
2022-08-11,23.55,23.55,23.25,23.5,21000.0,ATX,-0.05000000000000071,-0.212,Thursday,August,2022
2022-08-10,23.1,23.35,23.05,23.3,35436.0,ATX,0.1999999999999993,0.866,Wednesday,August,2022
2022-08-09,23.0,23.1,22.85,23.05,20294.0,ATX,0.05000000000000071,0.217,Tuesday,August,2022
2022-08-08,22.5,22.95,22.5,22.85,43686.0,ATX,0.3500000000000014,1.556,Monday,August,2022
2022-08-05,22.4,22.65,22.35,22.5,36821.0,ATX,0.10000000000000142,0.446,Friday,August,2022
2022-08-04,22.45,22.65,22.35,22.5,25611.0,ATX,0.05000000000000071,0.223,Thursday,August,2022
2022-08-03,22.1,22.7,22.1,22.45,35648.0,ATX,0.34999999999999787,1.584,Wednesday,August,2022
2022-08-02,22.25,22.45,22.15,22.25,32162.0,ATX,0.0,0.0,Tuesday,August,2022
2022-08-01,22.5,22.7,22.35,22.45,26993.0,ATX,-0.05000000000000071,-0.222,Monday,August,2022
2022-07-29,22.75,22.75,22.05,22.4,33917.0,ATX,-0.3500000000000014,-1.538,Friday,July,2022
2022-07-28,22.05,22.15,21.85,21.85,30687.0,ATX,-0.1999999999999993,-0.907,Thursday,July,2022
2022-07-27,22.2,22.2,21.85,22.0,37211.0,ATX,-0.1999999999999993,-0.901,Wednesday,July,2022
2022-07-26,22.0,22.1,21.85,21.85,69750.0,ATX,-0.14999999999999858,-0.682,Tuesday,July,2022
2022-07-25,21.65,21.95,21.5,21.85,53705.0,ATX,0.20000000000000284,0.924,Monday,July,2022
2022-07-22,21.55,21.65,21.35,21.5,53866.0,ATX,-0.05000000000000071,-0.232,Friday,July,2022
2022-07-21,21.4,21.7,21.25,21.4,45484.0,ATX,0.0,0.0,Thursday,July,2022
2022-07-20,21.6,21.75,21.3,21.4,39662.0,ATX,-0.20000000000000284,-0.926,Wednesday,July,2022
2022-07-19,21.5,21.6,21.25,21.5,41584.0,ATX,0.0,0.0,Tuesday,July,2022
2022-07-18,21.3,21.55,21.3,21.45,27113.0,ATX,0.14999999999999858,0.704,Monday,July,2022
2022-07-15,21.05,21.55,21.05,21.3,34096.0,ATX,0.25,1.188,Friday,July,2022
2022-07-14,21.7,21.7,21.1,21.2,58472.0,ATX,-0.5,-2.304,Thursday,July,2022
2022-07-13,21.75,21.8,21.5,21.55,40108.0,ATX,-0.1999999999999993,-0.92,Wednesday,July,2022
2022-07-12,21.2,21.8,21.2,21.7,56732.0,ATX,0.5,2.358,Tuesday,July,2022
2022-07-11,21.85,21.85,21.55,21.55,57536.0,ATX,-0.3000000000000007,-1.373,Monday,July,2022
2022-07-08,21.5,22.0,21.5,21.9,58489.0,ATX,0.3999999999999986,1.86,Friday,July,2022
2022-07-07,21.15,21.75,20.95,21.55,71163.0,ATX,0.40000000000000213,1.891,Thursday,July,2022
2022-07-06,21.25,21.25,20.5,20.95,88526.0,ATX,-0.3000000000000007,-1.412,Wednesday,July,2022
2022-07-05,22.05,22.05,20.85,20.9,70218.0,ATX,-1.1500000000000021,-5.215,Tuesday,July,2022
2022-07-04,21.7,22.1,21.7,22.05,21547.0,ATX,0.3500000000000014,1.613,Monday,July,2022
2022-07-01,22.0,22.15,21.8,21.95,54194.0,ATX,-0.05000000000000071,-0.227,Friday,July,2022
2022-06-30,21.8,22.0,21.6,21.8,64781.0,ATX,0.0,0.0,Thursday,June,2022
2022-06-29,22.1,22.15,21.9,22.0,23531.0,ATX,-0.10000000000000142,-0.452,Wednesday,June,2022
2022-06-28,22.2,22.35,22.05,22.2,27255.0,ATX,0.0,0.0,Tuesday,June,2022
2022-06-27,22.2,22.25,21.85,22.1,42772.0,ATX,-0.09999999999999787,-0.45,Monday,June,2022
2022-06-24,22.0,22.2,21.65,22.1,93330.0,ATX,0.10000000000000142,0.455,Friday,June,2022
2022-06-23,22.1,22.45,21.5,21.5,91366.0,ATX,-0.6000000000000014,-2.715,Thursday,June,2022
2022-06-22,22.45,22.55,22.2,22.5,99654.0,ATX,0.05000000000000071,0.223,Wednesday,June,2022
2022-06-21,23.1,23.3,22.55,22.6,106692.0,ATX,-0.5,-2.165,Tuesday,June,2022
2022-06-20,22.85,22.9,22.45,22.9,56139.0,ATX,0.04999999999999716,0.219,Monday,June,2022
2022-06-17,22.45,22.7,22.15,22.45,168979.0,ATX,0.0,0.0,Friday,June,2022
2022-06-16,22.4,22.75,22.35,22.45,137258.0,ATX,0.05000000000000071,0.223,Thursday,June,2022
2022-06-15,22.0,22.85,22.0,22.75,131793.0,ATX,0.75,3.409,Wednesday,June,2022
2022-06-14,21.95,22.1,21.75,21.95,109288.0,ATX,0.0,0.0,Tuesday,June,2022
2022-06-13,22.35,22.35,21.85,21.95,89620.0,ATX,-0.40000000000000213,-1.79,Monday,June,2022
2022-06-10,22.75,22.8,22.25,22.3,174608.0,ATX,-0.4499999999999993,-1.978,Friday,June,2022
2022-06-09,22.85,23.15,22.75,22.8,111677.0,ATX,-0.05000000000000071,-0.219,Thursday,June,2022
2022-06-08,23.2,23.2,22.65,23.0,129118.0,ATX,-0.1999999999999993,-0.862,Wednesday,June,2022
2022-06-07,23.35,23.4,22.8,23.0,128807.0,ATX,-0.3500000000000014,-1.499,Tuesday,June,2022
2022-06-03,23.1,23.45,22.95,23.35,125337.0,ATX,0.25,1.082,Friday,June,2022
2022-06-02,22.1,22.75,22.1,22.75,72529.0,ATX,0.6499999999999986,2.941,Thursday,June,2022
2022-06-01,22.75,22.75,22.15,22.3,130989.0,ATX,-0.4499999999999993,-1.978,Wednesday,June,2022
2022-05-31,22.9,23.0,22.35,22.4,121226.0,ATX,-0.5,-2.183,Tuesday,May,2022
2022-05-30,23.4,23.4,22.75,22.8,76294.0,ATX,-0.5999999999999979,-2.564,Monday,May,2022
2022-05-27,22.8,22.95,22.65,22.95,51997.0,ATX,0.14999999999999858,0.658,Friday,May,2022
2022-05-26,22.5,22.75,22.5,22.75,42798.0,ATX,0.25,1.111,Thursday,May,2022
2022-05-25,22.9,22.9,22.55,22.65,72408.0,ATX,-0.25,-1.092,Wednesday,May,2022
2022-05-24,23.25,23.25,22.4,22.45,107792.0,ATX,-0.8000000000000007,-3.441,Tuesday,May,2022
2022-05-23,22.45,22.65,22.2,22.65,90359.0,ATX,0.1999999999999993,0.891,Monday,May,2022
2022-05-20,23.5,23.55,23.1,23.15,159007.0,ATX,-0.3500000000000014,-1.489,Friday,May,2022
2022-05-19,24.0,24.0,23.15,23.2,126144.0,ATX,-0.8000000000000007,-3.333,Thursday,May,2022
2022-05-18,23.7,24.0,23.6,23.9,56608.0,ATX,0.1999999999999993,0.844,Wednesday,May,2022
2022-05-17,24.0,24.0,23.65,23.7,30086.0,ATX,-0.3000000000000007,-1.25,Tuesday,May,2022
2022-05-16,23.45,23.8,23.3,23.65,56041.0,ATX,0.1999999999999993,0.853,Monday,May,2022
2022-05-13,23.55,23.85,23.35,23.4,38924.0,ATX,-0.15000000000000213,-0.637,Friday,May,2022
2022-05-12,23.15,23.6,22.85,23.5,97435.0,ATX,0.3500000000000014,1.512,Thursday,May,2022
2022-05-11,23.35,23.45,23.15,23.25,83339.0,ATX,-0.10000000000000142,-0.428,Wednesday,May,2022
2022-05-10,23.0,23.45,23.0,23.2,40111.0,ATX,0.1999999999999993,0.87,Tuesday,May,2022
2022-05-09,22.9,23.05,22.85,23.05,52767.0,ATX,0.15000000000000213,0.655,Monday,May,2022
2022-05-06,23.0,23.15,22.8,22.95,60253.0,ATX,-0.05000000000000071,-0.217,Friday,May,2022
2022-05-05,23.4,23.45,22.8,22.95,80763.0,ATX,-0.4499999999999993,-1.923,Thursday,May,2022
2022-05-04,23.25,23.45,23.1,23.1,33001.0,ATX,-0.14999999999999858,-0.645,Wednesday,May,2022
2022-05-03,23.5,23.5,23.2,23.25,23482.0,ATX,-0.25,-1.064,Tuesday,May,2022
2022-05-02,23.5,23.6,23.0,23.05,31095.0,ATX,-0.4499999999999993,-1.915,Monday,May,2022
2022-04-29,23.7,23.7,23.35,23.65,54235.0,ATX,-0.05000000000000071,-0.211,Friday,April,2022
2022-04-28,23.15,23.55,23.1,23.25,40860.0,ATX,0.10000000000000142,0.432,Thursday,April,2022
2022-04-27,23.05,24.0,22.75,22.95,43837.0,ATX,-0.10000000000000142,-0.434,Wednesday,April,2022
2022-04-26,23.8,24.15,23.0,23.0,38668.0,ATX,-0.8000000000000007,-3.361,Tuesday,April,2022
2022-04-25,23.6,23.65,23.2,23.25,35614.0,ATX,-0.3500000000000014,-1.483,Monday,April,2022
2022-04-22,23.65,24.05,23.65,23.65,36164.0,ATX,0.0,0.0,Friday,April,2022
2022-04-21,23.95,23.95,23.55,23.75,36742.0,ATX,-0.1999999999999993,-0.835,Thursday,April,2022
2022-04-20,23.65,23.9,23.55,23.55,30091.0,ATX,-0.09999999999999787,-0.423,Wednesday,April,2022
2022-04-19,23.75,24.0,23.7,23.7,27985.0,ATX,-0.05000000000000071,-0.211,Tuesday,April,2022
2022-04-14,24.1,24.1,23.7,23.9,29161.0,ATX,-0.20000000000000284,-0.83,Thursday,April,2022
2022-04-13,23.7,23.95,23.7,23.95,22094.0,ATX,0.25,1.055,Wednesday,April,2022
2022-04-12,23.4,23.85,23.4,23.7,30207.0,ATX,0.3000000000000007,1.282,Tuesday,April,2022
2022-04-11,23.5,23.95,23.35,23.9,57135.0,ATX,0.3999999999999986,1.702,Monday,April,2022
2022-04-08,23.15,23.5,23.05,23.4,31080.0,ATX,0.25,1.08,Friday,April,2022
2022-04-07,23.15,23.2,22.8,22.85,64487.0,ATX,-0.29999999999999716,-1.296,Thursday,April,2022
2022-04-06,23.4,23.75,23.05,23.15,47691.0,ATX,-0.25,-1.068,Wednesday,April,2022
2022-04-05,23.75,23.75,23.5,23.5,47277.0,ATX,-0.25,-1.053,Tuesday,April,2022
2022-04-04,24.3,24.3,23.3,23.45,86023.0,ATX,-0.8500000000000014,-3.498,Monday,April,2022
2022-04-01,23.4,23.75,23.4,23.65,33673.0,ATX,0.25,1.068,Friday,April,2022
2022-03-31,23.65,23.9,23.45,23.45,59342.0,ATX,-0.1999999999999993,-0.846,Thursday,March,2022
2022-03-30,24.0,24.25,23.5,23.6,47180.0,ATX,-0.3999999999999986,-1.667,Wednesday,March,2022
2022-03-29,23.95,24.3,23.7,24.0,124128.0,ATX,0.05000000000000071,0.209,Tuesday,March,2022
2022-03-28,23.7,24.0,23.55,23.55,70989.0,ATX,-0.14999999999999858,-0.633,Monday,March,2022
2022-03-25,24.0,24.0,23.55,23.65,35690.0,ATX,-0.3500000000000014,-1.458,Friday,March,2022
2022-03-24,24.0,24.0,23.55,23.65,53402.0,ATX,-0.3500000000000014,-1.458,Thursday,March,2022
2022-03-23,23.9,24.0,23.65,23.9,46023.0,ATX,0.0,0.0,Wednesday,March,2022
2022-03-22,23.4,23.95,23.35,23.85,56495.0,ATX,0.45000000000000284,1.923,Tuesday,March,2022
2022-03-21,23.45,23.6,23.25,23.35,46325.0,ATX,-0.09999999999999787,-0.426,Monday,March,2022
2022-03-18,22.75,23.3,22.75,23.3,102069.0,ATX,0.5500000000000007,2.418,Friday,March,2022
2022-03-17,22.95,23.35,22.85,22.9,84853.0,ATX,-0.05000000000000071,-0.218,Thursday,March,2022
2022-03-16,23.0,23.2,22.5,23.0,116401.0,ATX,0.0,0.0,Wednesday,March,2022
2022-03-15,22.85,22.9,22.3,22.45,96248.0,ATX,-0.40000000000000213,-1.751,Tuesday,March,2022
2022-03-14,22.75,23.15,22.7,22.85,60976.0,ATX,0.10000000000000142,0.44,Monday,March,2022
2022-03-11,22.0,22.85,22.0,22.45,97901.0,ATX,0.4499999999999993,2.045,Friday,March,2022
2022-03-10,22.5,22.55,21.75,21.75,108649.0,ATX,-0.75,-3.333,Thursday,March,2022
2022-03-09,23.05,23.05,22.15,22.25,166460.0,ATX,-0.8000000000000007,-3.471,Wednesday,March,2022
2022-03-08,20.75,22.0,20.5,21.35,179161.0,ATX,0.6000000000000014,2.892,Tuesday,March,2022
2022-03-07,20.85,21.2,20.0,20.65,205918.0,ATX,-0.20000000000000284,-0.959,Monday,March,2022
2022-03-04,22.1,22.2,21.45,21.45,104988.0,ATX,-0.6500000000000021,-2.941,Friday,March,2022
2022-03-03,21.75,23.05,21.75,22.35,132520.0,ATX,0.6000000000000014,2.759,Thursday,March,2022
2022-03-02,22.4,23.2,21.1,21.75,196405.0,ATX,-0.6499999999999986,-2.902,Wednesday,March,2022
2022-03-01,23.25,23.6,22.55,22.55,103126.0,ATX,-0.6999999999999993,-3.011,Tuesday,March,2022
2022-02-28,23.55,24.05,23.1,23.4,87842.0,ATX,-0.15000000000000213,-0.637,Monday,February,2022
2022-02-25,23.85,24.6,23.8,24.6,110236.0,ATX,0.75,3.145,Friday,February,2022
2022-02-24,24.0,24.45,23.65,23.7,127770.0,ATX,-0.3000000000000007,-1.25,Thursday,February,2022
2022-02-23,24.75,25.2,24.75,24.9,60653.0,ATX,0.14999999999999858,0.606,Wednesday,February,2022
2022-02-22,24.45,25.2,23.5,24.85,107615.0,ATX,0.40000000000000213,1.636,Tuesday,February,2022
2022-02-21,25.05,25.4,24.6,24.7,72092.0,ATX,-0.3500000000000014,-1.397,Monday,February,2022
2022-02-18,25.8,25.9,25.1,25.15,70201.0,ATX,-0.6500000000000021,-2.519,Friday,February,2022
2022-02-17,26.0,26.0,25.6,25.65,46271.0,ATX,-0.3500000000000014,-1.346,Thursday,February,2022
2022-02-16,25.7,26.0,25.7,25.85,40057.0,ATX,0.15000000000000213,0.584,Wednesday,February,2022
2022-02-15,25.7,26.0,25.6,25.7,34563.0,ATX,0.0,0.0,Tuesday,February,2022
2022-02-14,26.2,26.2,25.55,25.6,94944.0,ATX,-0.5999999999999979,-2.29,Monday,February,2022
2022-02-11,26.75,26.75,26.3,26.6,32548.0,ATX,-0.14999999999999858,-0.561,Friday,February,2022
2022-02-10,26.7,26.75,26.3,26.45,28488.0,ATX,-0.25,-0.936,Thursday,February,2022
2022-02-09,26.65,26.7,26.3,26.6,71605.0,ATX,-0.04999999999999716,-0.188,Wednesday,February,2022
2022-02-08,26.1,26.6,26.0,26.2,61349.0,ATX,0.09999999999999787,0.383,Tuesday,February,2022
2022-02-07,26.05,26.45,26.05,26.15,27426.0,ATX,0.09999999999999787,0.384,Monday,February,2022
2022-02-04,26.4,26.4,26.0,26.1,50746.0,ATX,-0.29999999999999716,-1.136,Friday,February,2022
2022-02-03,26.05,26.45,26.0,26.4,41133.0,ATX,0.34999999999999787,1.344,Thursday,February,2022
2022-02-02,26.0,26.45,26.0,26.4,26878.0,ATX,0.3999999999999986,1.538,Wednesday,February,2022
2022-02-01,26.0,26.25,25.8,26.05,31690.0,ATX,0.05000000000000071,0.192,Tuesday,February,2022
2022-01-31,25.95,25.95,25.5,25.95,53480.0,ATX,0.0,0.0,Monday,January,2022
2022-01-28,25.5,25.65,25.2,25.5,28697.0,ATX,0.0,0.0,Friday,January,2022
2022-01-27,25.0,25.75,25.0,25.65,56440.0,ATX,0.6499999999999986,2.6,Thursday,January,2022
2022-01-26,25.0,25.65,25.0,25.3,49256.0,ATX,0.3000000000000007,1.2,Wednesday,January,2022
2022-01-25,24.65,25.5,24.65,25.35,48675.0,ATX,0.7000000000000028,2.84,Tuesday,January,2022
2022-01-24,25.75,25.75,24.7,24.7,71274.0,ATX,-1.0500000000000007,-4.078,Monday,January,2022
2022-01-21,26.05,26.05,25.45,25.75,54409.0,ATX,-0.3000000000000007,-1.152,Friday,January,2022
2022-01-20,26.4,26.4,25.85,26.05,29156.0,ATX,-0.34999999999999787,-1.326,Thursday,January,2022
2022-01-19,26.4,26.65,26.0,26.25,34910.0,ATX,-0.14999999999999858,-0.568,Wednesday,January,2022
2022-01-18,26.85,26.85,26.5,26.65,55217.0,ATX,-0.20000000000000284,-0.745,Tuesday,January,2022
2022-01-17,25.9,26.85,25.9,26.85,66892.0,ATX,0.9500000000000028,3.668,Monday,January,2022
2022-01-14,26.45,26.45,25.8,25.8,22675.0,ATX,-0.6499999999999986,-2.457,Friday,January,2022
2022-01-13,26.05,26.45,25.95,26.4,31809.0,ATX,0.34999999999999787,1.344,Thursday,January,2022
2022-01-12,26.0,26.2,25.85,26.05,16852.0,ATX,0.05000000000000071,0.192,Wednesday,January,2022
2022-01-11,26.2,26.35,25.85,26.05,17639.0,ATX,-0.14999999999999858,-0.573,Tuesday,January,2022
2022-01-10,26.4,26.4,26.1,26.2,26291.0,ATX,-0.1999999999999993,-0.758,Monday,January,2022
2022-01-07,26.3,26.45,26.0,26.4,43743.0,ATX,0.09999999999999787,0.38,Friday,January,2022
2022-01-06,25.65,26.3,25.6,26.3,46588.0,ATX,0.6500000000000021,2.534,Thursday,January,2022
2022-01-05,25.5,25.9,25.45,25.9,28364.0,ATX,0.3999999999999986,1.569,Wednesday,January,2022
2022-01-04,25.3,25.45,25.05,25.45,23623.0,ATX,0.14999999999999858,0.593,Tuesday,January,2022
2022-01-03,24.85,25.1,24.85,24.95,22770.0,ATX,0.09999999999999787,0.402,Monday,January,2022
2021-12-30,24.85,25.15,24.85,24.9,33947.0,ATX,0.04999999999999716,0.201,Thursday,December,2021
2021-12-29,24.9,25.1,24.85,25.1,29215.0,ATX,0.20000000000000284,0.803,Wednesday,December,2021
2021-12-28,25.15,25.15,24.8,24.8,18849.0,ATX,-0.34999999999999787,-1.392,Tuesday,December,2021
2021-12-27,24.9,25.15,24.85,25.0,5399.0,ATX,0.10000000000000142,0.402,Monday,December,2021
2021-12-23,24.9,25.05,24.8,25.0,28618.0,ATX,0.10000000000000142,0.402,Thursday,December,2021
2021-12-22,25.0,25.0,24.5,24.8,17357.0,ATX,-0.1999999999999993,-0.8,Wednesday,December,2021
2021-12-21,24.25,24.95,24.25,24.95,34266.0,ATX,0.6999999999999993,2.887,Tuesday,December,2021
2021-12-20,24.4,24.9,24.2,24.2,49591.0,ATX,-0.1999999999999993,-0.82,Monday,December,2021
2021-12-17,25.1,25.15,24.9,24.9,76181.0,ATX,-0.20000000000000284,-0.797,Friday,December,2021
2021-12-16,24.85,25.35,24.85,25.35,35810.0,ATX,0.5,2.012,Thursday,December,2021
2021-12-15,24.3,25.0,24.3,24.7,24454.0,ATX,0.3999999999999986,1.646,Wednesday,December,2021
2021-12-14,24.6,24.8,24.3,24.4,71114.0,ATX,-0.20000000000000284,-0.813,Tuesday,December,2021
2021-12-13,25.4,25.4,24.5,24.5,49334.0,ATX,-0.8999999999999986,-3.543,Monday,December,2021
2021-12-10,25.6,25.6,25.0,25.05,21410.0,ATX,-0.5500000000000007,-2.148,Friday,December,2021
2021-12-09,25.1,25.3,25.1,25.2,16296.0,ATX,0.09999999999999787,0.398,Thursday,December,2021
2021-12-08,24.9,25.25,24.8,25.0,27206.0,ATX,0.10000000000000142,0.402,Wednesday,December,2021
2021-12-07,24.9,25.35,24.65,25.15,60900.0,ATX,0.25,1.004,Tuesday,December,2021
2021-12-06,24.85,24.85,24.55,24.75,24096.0,ATX,-0.10000000000000142,-0.402,Monday,December,2021
2021-12-03,24.5,24.7,24.4,24.55,38801.0,ATX,0.05000000000000071,0.204,Friday,December,2021
2021-12-02,24.85,24.85,24.25,24.5,79601.0,ATX,-0.3500000000000014,-1.408,Thursday,December,2021
2021-12-01,24.9,25.0,24.6,24.65,33185.0,ATX,-0.25,-1.004,Wednesday,December,2021
2021-11-30,24.6,24.8,24.3,24.5,95136.0,ATX,-0.10000000000000142,-0.407,Tuesday,November,2021
2021-11-29,24.55,24.9,24.3,24.65,51607.0,ATX,0.09999999999999787,0.407,Monday,November,2021
2021-11-26,25.1,25.1,24.55,24.75,59465.0,ATX,-0.3500000000000014,-1.394,Friday,November,2021
2021-11-25,25.55,25.6,25.25,25.5,28422.0,ATX,-0.05000000000000071,-0.196,Thursday,November,2021
2021-11-24,25.6,25.6,25.15,25.55,23606.0,ATX,-0.05000000000000071,-0.195,Wednesday,November,2021
2021-11-23,25.5,25.7,25.35,25.7,24894.0,ATX,0.1999999999999993,0.784,Tuesday,November,2021
2021-11-22,25.45,25.9,25.45,25.65,29652.0,ATX,0.1999999999999993,0.786,Monday,November,2021
2021-11-19,25.3,25.75,25.05,25.75,70706.0,ATX,0.4499999999999993,1.779,Friday,November,2021
2021-11-18,26.25,26.45,25.65,25.65,34270.0,ATX,-0.6000000000000014,-2.286,Thursday,November,2021
2021-11-17,26.85,26.85,25.5,26.2,47125.0,ATX,-0.6500000000000021,-2.421,Wednesday,November,2021
2021-11-16,26.8,26.85,26.5,26.6,18034.0,ATX,-0.1999999999999993,-0.746,Tuesday,November,2021
2021-11-15,27.0,27.0,26.75,26.95,22460.0,ATX,-0.05000000000000071,-0.185,Monday,November,2021
2021-11-12,26.6,27.1,26.6,27.05,38280.0,ATX,0.4499999999999993,1.692,Friday,November,2021
2021-11-11,26.3,27.1,26.3,26.75,54589.0,ATX,0.4499999999999993,1.711,Thursday,November,2021
2021-11-10,26.8,26.8,26.15,26.65,29798.0,ATX,-0.15000000000000213,-0.56,Wednesday,November,2021
2021-11-09,26.2,26.75,26.2,26.45,39635.0,ATX,0.25,0.954,Tuesday,November,2021
2021-11-08,26.55,26.8,26.4,26.75,27431.0,ATX,0.1999999999999993,0.753,Monday,November,2021
2021-11-05,25.9,26.55,25.9,26.5,69063.0,ATX,0.6000000000000014,2.317,Friday,November,2021
2021-11-04,26.05,26.05,25.65,25.9,59456.0,ATX,-0.15000000000000213,-0.576,Thursday,November,2021
2021-11-03,25.25,26.1,25.2,26.1,34808.0,ATX,0.8500000000000014,3.366,Wednesday,November,2021
2021-11-02,25.3,25.6,25.0,25.6,30010.0,ATX,0.3000000000000007,1.186,Tuesday,November,2021
2021-11-01,25.1,25.5,25.1,25.25,20260.0,ATX,0.14999999999999858,0.598,Monday,November,2021
2021-10-29,25.05,25.4,25.0,25.25,40510.0,ATX,0.1999999999999993,0.798,Friday,October,2021
2021-10-28,25.2,25.4,25.1,25.1,18165.0,ATX,-0.09999999999999787,-0.397,Thursday,October,2021
2021-10-27,25.5,25.5,25.25,25.25,25886.0,ATX,-0.25,-0.98,Wednesday,October,2021
2021-10-25,25.3,25.6,25.2,25.35,29975.0,ATX,0.05000000000000071,0.198,Monday,October,2021
2021-10-22,25.35,25.55,25.2,25.5,52494.0,ATX,0.14999999999999858,0.592,Friday,October,2021
2021-10-21,25.9,26.1,25.35,25.35,47465.0,ATX,-0.5499999999999972,-2.124,Thursday,October,2021
2021-10-20,26.2,26.3,25.35,26.2,39364.0,ATX,0.0,0.0,Wednesday,October,2021
2021-10-19,26.1,26.35,26.05,26.2,21255.0,ATX,0.09999999999999787,0.383,Tuesday,October,2021
2021-10-18,26.3,26.6,26.1,26.25,34870.0,ATX,-0.05000000000000071,-0.19,Monday,October,2021
2021-10-15,26.0,26.8,26.0,26.4,81913.0,ATX,0.3999999999999986,1.538,Friday,October,2021
2021-10-14,25.8,25.95,25.7,25.95,22614.0,ATX,0.14999999999999858,0.581,Thursday,October,2021
2021-10-13,25.55,25.9,25.55,25.75,27742.0,ATX,0.1999999999999993,0.783,Wednesday,October,2021
2021-10-12,25.9,25.9,25.5,25.5,21603.0,ATX,-0.3999999999999986,-1.544,Tuesday,October,2021
2021-10-11,25.8,26.0,25.6,25.9,65531.0,ATX,0.09999999999999787,0.388,Monday,October,2021
2021-10-08,25.8,25.8,25.4,25.6,20333.0,ATX,-0.1999999999999993,-0.775,Friday,October,2021
2021-10-07,25.95,25.95,25.6,25.6,22233.0,ATX,-0.34999999999999787,-1.349,Thursday,October,2021
2021-10-06,25.6,25.95,25.5,25.95,88046.0,ATX,0.34999999999999787,1.367,Wednesday,October,2021
2021-10-05,25.3,25.85,25.25,25.7,48469.0,ATX,0.3999999999999986,1.581,Tuesday,October,2021
2021-10-04,25.3,25.7,25.05,25.45,61192.0,ATX,0.14999999999999858,0.593,Monday,October,2021
2021-10-01,24.75,25.25,24.7,25.25,57207.0,ATX,0.5,2.02,Friday,October,2021
2021-09-30,24.85,25.0,24.0,24.9,27509.0,ATX,0.04999999999999716,0.201,Thursday,September,2021
2021-09-29,24.5,24.95,24.5,24.85,26476.0,ATX,0.3500000000000014,1.429,Wednesday,September,2021
2021-09-28,24.8,24.9,24.5,24.55,24573.0,ATX,-0.25,-1.008,Tuesday,September,2021
2021-09-27,24.9,24.95,24.75,24.85,11617.0,ATX,-0.04999999999999716,-0.201,Monday,September,2021
2021-09-24,24.6,24.9,24.5,24.75,14110.0,ATX,0.14999999999999858,0.61,Friday,September,2021
2021-09-23,24.55,24.9,24.5,24.7,44560.0,ATX,0.14999999999999858,0.611,Thursday,September,2021
2021-09-22,24.05,24.7,24.05,24.45,53090.0,ATX,0.3999999999999986,1.663,Wednesday,September,2021
2021-09-21,24.2,24.5,24.1,24.2,48235.0,ATX,0.0,0.0,Tuesday,September,2021
2021-09-20,24.75,24.75,24.0,24.25,52171.0,ATX,-0.5,-2.02,Monday,September,2021
2021-09-17,24.7,24.95,24.65,24.85,95375.0,ATX,0.15000000000000213,0.607,Friday,September,2021
2021-09-16,24.55,24.95,24.55,24.95,71315.0,ATX,0.3999999999999986,1.629,Thursday,September,2021
2021-09-15,24.95,24.95,24.7,24.7,17013.0,ATX,-0.25,-1.002,Wednesday,September,2021
2021-09-14,24.7,24.95,24.4,24.8,70722.0,ATX,0.10000000000000142,0.405,Tuesday,September,2021
2021-09-13,24.3,24.75,24.3,24.55,46404.0,ATX,0.25,1.029,Monday,September,2021
2021-09-10,24.7,24.95,24.35,24.5,27006.0,ATX,-0.1999999999999993,-0.81,Friday,September,2021
2021-09-09,24.8,24.8,24.45,24.65,14734.0,ATX,-0.15000000000000213,-0.605,Thursday,September,2021
2021-09-08,24.55,24.7,24.3,24.7,34805.0,ATX,0.14999999999999858,0.611,Wednesday,September,2021
2021-09-07,25.0,25.0,24.7,24.75,28375.0,ATX,-0.25,-1.0,Tuesday,September,2021
2021-09-06,24.6,24.85,24.6,24.75,8546.0,ATX,0.14999999999999858,0.61,Monday,September,2021
2021-09-03,25.0,25.0,24.7,24.7,21913.0,ATX,-0.3000000000000007,-1.2,Friday,September,2021
2021-09-02,25.0,25.0,24.7,25.0,25098.0,ATX,0.0,0.0,Thursday,September,2021
2021-09-01,24.65,25.0,24.55,24.8,25166.0,ATX,0.15000000000000213,0.609,Wednesday,September,2021
2021-08-31,24.6,24.8,24.5,24.55,23978.0,ATX,-0.05000000000000071,-0.203,Tuesday,August,2021
2021-08-30,24.55,24.8,24.5,24.8,22507.0,ATX,0.25,1.018,Monday,August,2021
2021-08-27,25.0,25.0,24.5,24.65,28446.0,ATX,-0.3500000000000014,-1.4,Friday,August,2021
2021-08-26,24.8,24.9,24.55,24.75,29199.0,ATX,-0.05000000000000071,-0.202,Thursday,August,2021
2021-08-25,25.05,25.05,24.8,24.9,22569.0,ATX,-0.15000000000000213,-0.599,Wednesday,August,2021
2021-08-24,25.2,25.35,25.0,25.05,25568.0,ATX,-0.14999999999999858,-0.595,Tuesday,August,2021
2021-08-23,25.25,25.55,25.2,25.3,90677.0,ATX,0.05000000000000071,0.198,Monday,August,2021
2021-08-20,24.85,25.4,24.6,25.3,94286.0,ATX,0.4499999999999993,1.811,Friday,August,2021
2021-08-19,24.45,25.15,24.45,24.95,58945.0,ATX,0.5,2.045,Thursday,August,2021
2021-08-18,24.5,25.15,24.45,25.0,62175.0,ATX,0.5,2.041,Wednesday,August,2021
2021-08-17,24.85,24.95,24.35,24.8,36066.0,ATX,-0.05000000000000071,-0.201,Tuesday,August,2021
2021-08-16,25.05,25.05,24.75,25.05,34510.0,ATX,0.0,0.0,Monday,August,2021
2021-08-13,24.55,25.25,24.55,25.2,95300.0,ATX,0.6499999999999986,2.648,Friday,August,2021
2021-08-12,24.0,24.7,24.0,24.55,35549.0,ATX,0.5500000000000007,2.292,Thursday,August,2021
2021-08-11,23.9,24.45,23.8,24.25,77284.0,ATX,0.3500000000000014,1.464,Wednesday,August,2021
2021-08-10,23.5,23.9,23.5,23.9,15960.0,ATX,0.3999999999999986,1.702,Tuesday,August,2021
2021-08-09,23.75,23.8,23.3,23.8,24901.0,ATX,0.05000000000000071,0.211,Monday,August,2021
2021-08-06,23.55,23.8,23.55,23.75,21245.0,ATX,0.1999999999999993,0.849,Friday,August,2021
2021-08-05,23.45,23.7,23.2,23.55,15182.0,ATX,0.10000000000000142,0.426,Thursday,August,2021
2021-08-04,23.4,23.55,23.25,23.45,36311.0,ATX,0.05000000000000071,0.214,Wednesday,August,2021
2021-08-03,23.4,23.5,23.25,23.3,17433.0,ATX,-0.09999999999999787,-0.427,Tuesday,August,2021
2021-08-02,23.05,23.55,23.05,23.55,41295.0,ATX,0.5,2.169,Monday,August,2021
2021-07-30,23.25,23.35,23.05,23.25,39252.0,ATX,0.0,0.0,Friday,July,2021
2021-07-29,23.0,23.35,23.0,23.35,26240.0,ATX,0.3500000000000014,1.522,Thursday,July,2021
2021-07-28,22.85,23.15,22.8,23.0,32058.0,ATX,0.14999999999999858,0.656,Wednesday,July,2021
2021-07-27,23.0,23.15,23.0,23.15,18497.0,ATX,0.14999999999999858,0.652,Tuesday,July,2021
2021-07-26,23.2,23.3,22.9,23.2,37297.0,ATX,0.0,0.0,Monday,July,2021
2021-07-23,23.15,23.2,22.95,23.1,13317.0,ATX,-0.04999999999999716,-0.216,Friday,July,2021
2021-07-22,23.2,23.45,22.95,23.05,26892.0,ATX,-0.14999999999999858,-0.647,Thursday,July,2021
2021-07-21,23.05,23.2,22.95,23.15,23052.0,ATX,0.09999999999999787,0.434,Wednesday,July,2021
2021-07-20,22.9,23.1,22.65,22.95,73956.0,ATX,0.05000000000000071,0.218,Tuesday,July,2021
2021-07-19,23.25,23.25,22.65,22.95,118804.0,ATX,-0.3000000000000007,-1.29,Monday,July,2021
2021-07-16,23.35,23.55,23.2,23.25,28970.0,ATX,-0.10000000000000142,-0.428,Friday,July,2021
2021-07-15,23.1,23.4,23.0,23.35,34846.0,ATX,0.25,1.082,Thursday,July,2021
2021-07-14,23.4,23.6,23.1,23.2,70247.0,ATX,-0.1999999999999993,-0.855,Wednesday,July,2021
2021-07-13,23.65,23.75,23.45,23.5,26434.0,ATX,-0.14999999999999858,-0.634,Tuesday,July,2021
2021-07-12,23.5,23.75,23.25,23.65,48433.0,ATX,0.14999999999999858,0.638,Monday,July,2021
2021-07-09,23.2,23.6,23.05,23.5,35349.0,ATX,0.3000000000000007,1.293,Friday,July,2021
2021-07-08,23.25,23.3,23.1,23.25,89599.0,ATX,0.0,0.0,Thursday,July,2021
2021-07-07,23.05,23.35,23.0,23.3,47116.0,ATX,0.25,1.085,Wednesday,July,2021
2021-07-06,23.4,23.4,23.05,23.05,26165.0,ATX,-0.34999999999999787,-1.496,Tuesday,July,2021
2021-07-05,23.3,23.45,23.2,23.45,21590.0,ATX,0.14999999999999858,0.644,Monday,July,2021
2021-07-02,23.1,23.35,23.1,23.25,36598.0,ATX,0.14999999999999858,0.649,Friday,July,2021
2021-07-01,23.3,23.35,23.0,23.25,64442.0,ATX,-0.05000000000000071,-0.215,Thursday,July,2021
2021-06-30,23.1,23.4,22.95,23.15,60665.0,ATX,0.04999999999999716,0.216,Wednesday,June,2021
2021-06-29,23.25,23.35,23.1,23.15,27541.0,ATX,-0.10000000000000142,-0.43,Tuesday,June,2021
2021-06-28,23.5,23.5,23.3,23.3,18706.0,ATX,-0.1999999999999993,-0.851,Monday,June,2021
2021-06-25,23.4,23.6,23.4,23.55,28849.0,ATX,0.15000000000000213,0.641,Friday,June,2021
2021-06-24,23.75,23.75,23.4,23.5,22194.0,ATX,-0.25,-1.053,Thursday,June,2021
2021-06-23,23.9,23.9,23.25,23.35,67126.0,ATX,-0.5499999999999972,-2.301,Wednesday,June,2021
2021-06-22,23.35,23.6,23.1,23.25,47457.0,ATX,-0.10000000000000142,-0.428,Tuesday,June,2021
2021-06-21,23.75,23.75,23.1,23.45,44300.0,ATX,-0.3000000000000007,-1.263,Monday,June,2021
2021-06-18,23.8,23.8,23.3,23.45,125896.0,ATX,-0.3500000000000014,-1.471,Friday,June,2021
2021-06-17,23.55,24.05,23.45,23.95,178764.0,ATX,0.3999999999999986,1.699,Thursday,June,2021
2021-06-16,23.4,23.45,23.2,23.35,36834.0,ATX,-0.04999999999999716,-0.214,Wednesday,June,2021
2021-06-15,23.35,23.45,23.2,23.4,70117.0,ATX,0.04999999999999716,0.214,Tuesday,June,2021
2021-06-14,23.55,23.65,23.3,23.4,39805.0,ATX,-0.15000000000000213,-0.637,Monday,June,2021
2021-06-11,23.25,23.55,23.25,23.5,36932.0,ATX,0.25,1.075,Friday,June,2021
2021-06-10,23.2,23.45,23.2,23.45,62034.0,ATX,0.25,1.078,Thursday,June,2021
2021-06-09,23.45,23.55,23.25,23.4,52089.0,ATX,-0.05000000000000071,-0.213,Wednesday,June,2021
2021-06-08,23.45,23.5,23.3,23.45,45247.0,ATX,0.0,0.0,Tuesday,June,2021
2021-06-07,23.35,23.6,23.35,23.45,21443.0,ATX,0.09999999999999787,0.428,Monday,June,2021
2021-06-04,23.4,23.5,23.35,23.4,25000.0,ATX,0.0,0.0,Friday,June,2021
2021-06-03,23.5,23.55,23.3,23.45,19061.0,ATX,-0.05000000000000071,-0.213,Thursday,June,2021
2021-06-02,23.5,23.9,23.35,23.35,58468.0,ATX,-0.14999999999999858,-0.638,Wednesday,June,2021
2021-06-01,23.3,23.45,23.2,23.45,49168.0,ATX,0.14999999999999858,0.644,Tuesday,June,2021
2021-05-31,23.25,23.3,23.0,23.15,36519.0,ATX,-0.10000000000000142,-0.43,Monday,May,2021
2021-05-28,23.1,23.4,23.1,23.2,46916.0,ATX,0.09999999999999787,0.433,Friday,May,2021
2021-05-27,23.2,23.3,23.05,23.15,68640.0,ATX,-0.05000000000000071,-0.216,Thursday,May,2021
2021-05-26,23.2,23.5,23.15,23.15,48788.0,ATX,-0.05000000000000071,-0.216,Wednesday,May,2021
2021-05-25,23.15,23.7,23.1,23.35,65695.0,ATX,0.20000000000000284,0.864,Tuesday,May,2021
2021-05-21,23.6,23.95,23.5,23.7,121755.0,ATX,0.09999999999999787,0.424,Friday,May,2021
2021-05-20,24.0,24.1,23.65,23.9,74682.0,ATX,-0.10000000000000142,-0.417,Thursday,May,2021
2021-05-19,24.2,24.4,23.7,23.9,84908.0,ATX,-0.3000000000000007,-1.24,Wednesday,May,2021
2021-05-18,23.85,24.3,23.8,24.15,101170.0,ATX,0.29999999999999716,1.258,Tuesday,May,2021
2021-05-17,23.8,23.8,23.6,23.7,40952.0,ATX,-0.10000000000000142,-0.42,Monday,May,2021
2021-05-14,23.45,23.8,23.3,23.7,84799.0,ATX,0.25,1.066,Friday,May,2021
2021-05-13,23.25,23.3,22.75,23.25,44170.0,ATX,0.0,0.0,Thursday,May,2021
2021-05-12,23.15,23.35,22.9,23.1,95196.0,ATX,-0.04999999999999716,-0.216,Wednesday,May,2021
2021-05-11,23.35,23.35,22.9,23.0,81732.0,ATX,-0.3500000000000014,-1.499,Tuesday,May,2021
2021-05-10,22.7,23.25,22.7,23.1,102337.0,ATX,0.40000000000000213,1.762,Monday,May,2021
2021-05-07,22.7,22.95,22.5,22.5,61119.0,ATX,-0.1999999999999993,-0.881,Friday,May,2021
2021-05-06,22.65,22.8,22.55,22.55,58440.0,ATX,-0.09999999999999787,-0.442,Thursday,May,2021
2021-05-05,22.4,22.65,22.4,22.5,44231.0,ATX,0.10000000000000142,0.446,Wednesday,May,2021
2021-05-04,22.5,22.8,22.3,22.3,50879.0,ATX,-0.1999999999999993,-0.889,Tuesday,May,2021
2021-05-03,22.45,22.75,22.45,22.55,28829.0,ATX,0.10000000000000142,0.445,Monday,May,2021
2021-04-30,22.5,22.5,22.2,22.3,63965.0,ATX,-0.1999999999999993,-0.889,Friday,April,2021
2021-04-29,22.35,22.5,22.2,22.35,39964.0,ATX,0.0,0.0,Thursday,April,2021
2021-04-28,22.55,22.55,22.3,22.3,39822.0,ATX,-0.25,-1.109,Wednesday,April,2021
2021-04-27,22.5,22.6,22.3,22.35,52335.0,ATX,-0.14999999999999858,-0.667,Tuesday,April,2021
2021-04-26,22.55,22.7,22.4,22.55,26937.0,ATX,0.0,0.0,Monday,April,2021
2021-04-23,22.4,22.5,22.25,22.45,48218.0,ATX,0.05000000000000071,0.223,Friday,April,2021
2021-04-22,22.45,22.6,22.1,22.35,95968.0,ATX,-0.09999999999999787,-0.445,Thursday,April,2021
2021-04-21,22.45,22.8,22.25,22.3,73107.0,ATX,-0.14999999999999858,-0.668,Wednesday,April,2021
2021-04-20,22.8,22.95,22.5,22.6,55546.0,ATX,-0.1999999999999993,-0.877,Tuesday,April,2021
2021-04-19,22.75,23.1,22.75,23.0,31051.0,ATX,0.25,1.099,Monday,April,2021
2021-04-16,22.8,23.05,22.7,22.85,46646.0,ATX,0.05000000000000071,0.219,Friday,April,2021
2021-04-15,22.5,22.75,22.45,22.65,79327.0,ATX,0.14999999999999858,0.667,Thursday,April,2021
2021-04-14,22.8,22.8,22.45,22.5,51052.0,ATX,-0.3000000000000007,-1.316,Wednesday,April,2021
2021-04-13,23.0,23.2,22.75,22.85,63714.0,ATX,-0.14999999999999858,-0.652,Tuesday,April,2021
2021-04-12,23.05,23.15,22.8,23.1,50042.0,ATX,0.05000000000000071,0.217,Monday,April,2021
2021-04-09,22.6,23.1,22.55,23.0,64569.0,ATX,0.3999999999999986,1.77,Friday,April,2021
2021-04-08,22.85,22.85,22.35,22.6,61444.0,ATX,-0.25,-1.094,Thursday,April,2021
2021-04-07,22.6,22.85,22.35,22.8,39273.0,ATX,0.1999999999999993,0.885,Wednesday,April,2021
2021-04-06,22.75,23.0,22.45,22.45,76685.0,ATX,-0.3000000000000007,-1.319,Tuesday,April,2021
2021-04-01,22.1,22.65,22.1,22.65,69095.0,ATX,0.5499999999999972,2.489,Thursday,April,2021
2021-03-31,22.4,22.6,22.1,22.1,48128.0,ATX,-0.29999999999999716,-1.339,Wednesday,March,2021
2021-03-30,22.5,22.7,22.15,22.4,64717.0,ATX,-0.10000000000000142,-0.444,Tuesday,March,2021
2021-03-29,22.7,22.7,22.15,22.55,100687.0,ATX,-0.14999999999999858,-0.661,Monday,March,2021
2021-03-26,22.3,22.85,22.3,22.5,42608.0,ATX,0.1999999999999993,0.897,Friday,March,2021
2021-03-25,22.75,22.75,22.3,22.45,39251.0,ATX,-0.3000000000000007,-1.319,Thursday,March,2021
2021-03-24,22.3,22.95,22.3,22.65,66753.0,ATX,0.34999999999999787,1.57,Wednesday,March,2021
2021-03-23,22.95,23.05,22.5,22.5,84301.0,ATX,-0.4499999999999993,-1.961,Tuesday,March,2021
2021-03-22,22.95,23.1,22.7,22.7,87855.0,ATX,-0.25,-1.089,Monday,March,2021
2021-03-19,23.5,23.8,22.65,22.65,612418.0,ATX,-0.8500000000000014,-3.617,Friday,March,2021
2021-03-18,23.4,23.75,23.25,23.65,75261.0,ATX,0.25,1.068,Thursday,March,2021
2021-03-17,23.35,23.45,23.15,23.3,47588.0,ATX,-0.05000000000000071,-0.214,Wednesday,March,2021
2021-03-16,23.55,23.6,23.05,23.15,62115.0,ATX,-0.40000000000000213,-1.699,Tuesday,March,2021
2021-03-15,23.3,23.6,23.2,23.5,66308.0,ATX,0.1999999999999993,0.858,Monday,March,2021
2021-03-12,22.75,23.2,22.75,23.15,52645.0,ATX,0.3999999999999986,1.758,Friday,March,2021
2021-03-11,22.55,22.95,22.25,22.95,71056.0,ATX,0.3999999999999986,1.774,Thursday,March,2021
2021-03-10,22.0,22.5,21.85,22.5,80101.0,ATX,0.5,2.273,Wednesday,March,2021
2021-03-09,23.0,23.2,21.7,21.95,175922.0,ATX,-1.0500000000000007,-4.565,Tuesday,March,2021
2021-03-08,23.0,23.25,22.9,23.2,53876.0,ATX,0.1999999999999993,0.87,Monday,March,2021
2021-03-05,23.4,23.4,22.85,23.0,67432.0,ATX,-0.3999999999999986,-1.709,Friday,March,2021
2021-03-04,23.0,23.4,22.5,23.3,64727.0,ATX,0.3000000000000007,1.304,Thursday,March,2021
2021-03-03,22.8,23.2,22.75,23.0,60826.0,ATX,0.1999999999999993,0.877,Wednesday,March,2021
2021-03-02,22.65,22.9,22.6,22.85,43021.0,ATX,0.20000000000000284,0.883,Tuesday,March,2021
2021-03-01,22.3,22.65,22.3,22.6,30402.0,ATX,0.3000000000000007,1.345,Monday,March,2021
2021-02-26,22.1,22.35,22.1,22.25,43054.0,ATX,0.14999999999999858,0.679,Friday,February,2021
2021-02-25,22.45,22.65,22.05,22.45,49967.0,ATX,0.0,0.0,Thursday,February,2021
2021-02-24,22.25,22.5,22.1,22.4,45710.0,ATX,0.14999999999999858,0.674,Wednesday,February,2021
2021-02-23,22.3,22.45,22.0,22.2,54248.0,ATX,-0.10000000000000142,-0.448,Tuesday,February,2021
2021-02-22,22.05,22.4,22.0,22.25,45364.0,ATX,0.1999999999999993,0.907,Monday,February,2021
2021-02-19,22.0,22.25,22.0,22.05,30340.0,ATX,0.05000000000000071,0.227,Friday,February,2021
2021-02-18,22.2,22.45,22.05,22.05,44913.0,ATX,-0.14999999999999858,-0.676,Thursday,February,2021
2021-02-17,22.55,22.55,22.15,22.4,33079.0,ATX,-0.15000000000000213,-0.665,Wednesday,February,2021
2021-02-16,22.5,22.55,22.3,22.5,22146.0,ATX,0.0,0.0,Tuesday,February,2021
2021-02-15,22.1,22.55,22.1,22.4,33542.0,ATX,0.29999999999999716,1.357,Monday,February,2021
2021-02-12,22.25,22.3,22.0,22.25,36573.0,ATX,0.0,0.0,Friday,February,2021
2021-02-11,22.3,22.35,22.0,22.15,20005.0,ATX,-0.15000000000000213,-0.673,Thursday,February,2021
2021-02-10,22.2,22.25,21.95,22.25,43957.0,ATX,0.05000000000000071,0.225,Wednesday,February,2021
2021-02-09,22.05,22.25,21.7,22.25,75226.0,ATX,0.1999999999999993,0.907,Tuesday,February,2021
2021-02-08,22.0,22.1,21.9,22.1,75096.0,ATX,0.10000000000000142,0.455,Monday,February,2021
2021-02-05,21.8,22.0,21.6,21.85,56749.0,ATX,0.05000000000000071,0.229,Friday,February,2021
2021-02-04,21.7,21.8,21.5,21.7,33367.0,ATX,0.0,0.0,Thursday,February,2021
2021-02-03,21.65,21.75,21.4,21.55,43554.0,ATX,-0.09999999999999787,-0.462,Wednesday,February,2021
2021-02-02,21.75,21.8,21.2,21.5,63642.0,ATX,-0.25,-1.149,Tuesday,February,2021
2021-02-01,21.35,21.4,21.1,21.35,64013.0,ATX,0.0,0.0,Monday,February,2021
2021-01-29,20.7,21.25,20.7,21.1,152640.0,ATX,0.40000000000000213,1.932,Friday,January,2021
2021-01-28,21.0,21.05,20.4,21.0,92362.0,ATX,0.0,0.0,Thursday,January,2021
2021-01-27,21.45,21.45,20.8,21.05,60373.0,ATX,-0.3999999999999986,-1.865,Wednesday,January,2021
2021-01-26,21.2,21.5,21.05,21.25,79097.0,ATX,0.05000000000000071,0.236,Tuesday,January,2021
2021-01-25,21.55,21.7,21.15,21.2,50125.0,ATX,-0.3500000000000014,-1.624,Monday,January,2021
2021-01-22,21.55,21.8,21.35,21.35,46305.0,ATX,-0.1999999999999993,-0.928,Friday,January,2021
2021-01-21,22.0,22.1,21.55,21.55,45006.0,ATX,-0.4499999999999993,-2.045,Thursday,January,2021
2021-01-20,22.0,22.05,21.8,21.95,56766.0,ATX,-0.05000000000000071,-0.227,Wednesday,January,2021
2021-01-19,22.05,22.05,21.8,21.95,41318.0,ATX,-0.10000000000000142,-0.454,Tuesday,January,2021
2021-01-18,21.8,21.85,21.7,21.75,24542.0,ATX,-0.05000000000000071,-0.229,Monday,January,2021
2021-01-15,22.0,22.05,21.8,21.95,66760.0,ATX,-0.05000000000000071,-0.227,Friday,January,2021
2021-01-14,22.0,22.05,21.8,22.0,41907.0,ATX,0.0,0.0,Thursday,January,2021
2021-01-13,21.7,22.05,21.7,21.9,50782.0,ATX,0.1999999999999993,0.922,Wednesday,January,2021
2021-01-12,22.1,22.1,21.7,21.95,76061.0,ATX,-0.15000000000000213,-0.679,Tuesday,January,2021
2021-01-11,21.75,22.05,21.65,21.9,95924.0,ATX,0.14999999999999858,0.69,Monday,January,2021
2021-01-08,21.85,21.85,21.55,21.65,55479.0,ATX,-0.20000000000000284,-0.915,Friday,January,2021
2021-01-07,21.5,21.65,21.3,21.65,64136.0,ATX,0.14999999999999858,0.698,Thursday,January,2021
2021-01-06,21.0,21.4,21.0,21.4,50294.0,ATX,0.3999999999999986,1.905,Wednesday,January,2021
2021-01-05,21.05,21.1,20.85,21.0,52918.0,ATX,-0.05000000000000071,-0.238,Tuesday,January,2021
2021-01-04,20.8,21.25,20.65,20.8,59654.0,ATX,0.0,0.0,Monday,January,2021
2020-12-30,20.85,20.9,20.65,20.8,41737.0,ATX,-0.05000000000000071,-0.24,Wednesday,December,2020
2020-12-29,20.6,20.8,20.55,20.65,65046.0,ATX,0.04999999999999716,0.243,Tuesday,December,2020
2020-12-28,20.35,20.8,20.35,20.65,47412.0,ATX,0.29999999999999716,1.474,Monday,December,2020
2020-12-23,20.35,20.55,20.25,20.45,50885.0,ATX,0.09999999999999787,0.491,Wednesday,December,2020
2020-12-22,19.8,20.35,19.8,20.35,66074.0,ATX,0.5500000000000007,2.778,Tuesday,December,2020
2020-12-21,20.05,20.05,19.38,19.9,139056.0,ATX,-0.15000000000000213,-0.748,Monday,December,2020
2020-12-18,20.15,20.35,20.05,20.35,106924.0,ATX,0.20000000000000284,0.993,Friday,December,2020
2020-12-17,20.35,20.4,20.0,20.25,51236.0,ATX,-0.10000000000000142,-0.491,Thursday,December,2020
2020-12-16,20.2,20.5,20.05,20.15,97463.0,ATX,-0.05000000000000071,-0.248,Wednesday,December,2020
2020-12-15,20.0,20.2,19.8,20.1,71936.0,ATX,0.10000000000000142,0.5,Tuesday,December,2020
2020-12-14,20.05,20.1,19.72,19.94,134773.0,ATX,-0.10999999999999943,-0.549,Monday,December,2020
2020-12-11,20.0,20.0,19.6,19.8,95259.0,ATX,-0.1999999999999993,-1.0,Friday,December,2020
2020-12-10,20.35,20.35,19.8,19.98,96568.0,ATX,-0.370000000000001,-1.818,Thursday,December,2020
2020-12-09,20.3,20.3,20.0,20.25,94862.0,ATX,-0.05000000000000071,-0.246,Wednesday,December,2020
2020-12-08,20.25,20.25,20.0,20.05,48458.0,ATX,-0.1999999999999993,-0.988,Tuesday,December,2020
2020-12-07,20.2,20.3,20.0,20.1,83136.0,ATX,-0.09999999999999787,-0.495,Monday,December,2020
2020-12-04,20.05,20.15,19.98,20.0,64819.0,ATX,-0.05000000000000071,-0.249,Friday,December,2020
2020-12-03,20.45,20.45,19.96,20.1,80424.0,ATX,-0.34999999999999787,-1.711,Thursday,December,2020
2020-12-02,20.45,20.45,20.0,20.25,64852.0,ATX,-0.1999999999999993,-0.978,Wednesday,December,2020
2020-12-01,20.3,20.35,20.1,20.35,55993.0,ATX,0.05000000000000071,0.246,Tuesday,December,2020
2020-11-30,19.92,20.4,19.6,19.98,171653.0,ATX,0.05999999999999872,0.301,Monday,November,2020
2020-11-27,19.62,19.64,19.36,19.64,106426.0,ATX,0.019999999999999574,0.102,Friday,November,2020
2020-11-26,19.92,19.92,19.5,19.5,57209.0,ATX,-0.4200000000000017,-2.108,Thursday,November,2020
2020-11-25,19.98,19.98,19.6,19.72,108648.0,ATX,-0.26000000000000156,-1.301,Wednesday,November,2020
2020-11-24,19.72,19.82,19.56,19.72,85472.0,ATX,0.0,0.0,Tuesday,November,2020
2020-11-23,19.58,19.92,19.58,19.72,89618.0,ATX,0.14000000000000057,0.715,Monday,November,2020
2020-11-20,19.7,19.72,19.44,19.52,36590.0,ATX,-0.17999999999999972,-0.914,Friday,November,2020
2020-11-19,19.7,19.7,19.4,19.44,70120.0,ATX,-0.259999999999998,-1.32,Thursday,November,2020
2020-11-18,19.3,19.78,19.16,19.58,143521.0,ATX,0.2799999999999976,1.451,Wednesday,November,2020
2020-11-17,19.5,19.58,19.12,19.12,112866.0,ATX,-0.379999999999999,-1.949,Tuesday,November,2020
2020-11-16,19.06,19.96,19.06,19.58,109476.0,ATX,0.5199999999999996,2.728,Monday,November,2020
2020-11-13,19.04,19.44,19.04,19.2,47098.0,ATX,0.16000000000000014,0.84,Friday,November,2020
2020-11-12,19.28,19.36,18.98,19.36,68199.0,ATX,0.0799999999999983,0.415,Thursday,November,2020
2020-11-11,19.06,19.5,18.86,19.4,88917.0,ATX,0.33999999999999986,1.784,Wednesday,November,2020
2020-11-10,19.34,19.34,18.6,19.06,101093.0,ATX,-0.28000000000000114,-1.448,Tuesday,November,2020
2020-11-09,17.8,19.32,17.7,19.04,144452.0,ATX,1.2399999999999984,6.966,Monday,November,2020
2020-11-06,18.0,18.2,17.46,17.46,107471.0,ATX,-0.5399999999999991,-3.0,Friday,November,2020
2020-11-05,17.8,18.12,17.72,17.82,78798.0,ATX,0.019999999999999574,0.112,Thursday,November,2020
2020-11-04,17.64,17.84,17.48,17.74,79262.0,ATX,0.09999999999999787,0.567,Wednesday,November,2020
2020-11-03,17.56,17.86,17.56,17.74,107367.0,ATX,0.17999999999999972,1.025,Tuesday,November,2020
2020-11-02,17.42,17.72,17.36,17.44,70680.0,ATX,0.019999999999999574,0.115,Monday,November,2020
2020-10-30,17.2,17.44,17.1,17.42,53945.0,ATX,0.22000000000000242,1.279,Friday,October,2020
2020-10-29,17.18,17.38,17.0,17.22,94362.0,ATX,0.03999999999999915,0.233,Thursday,October,2020
2020-10-28,17.94,17.94,16.88,17.18,103260.0,ATX,-0.7600000000000016,-4.236,Wednesday,October,2020
2020-10-27,18.24,18.28,17.54,17.64,119971.0,ATX,-0.5999999999999979,-3.289,Tuesday,October,2020
2020-10-23,18.56,18.84,18.38,18.4,68715.0,ATX,-0.16000000000000014,-0.862,Friday,October,2020
2020-10-22,18.64,18.64,18.22,18.42,104077.0,ATX,-0.21999999999999886,-1.18,Thursday,October,2020
2020-10-21,18.5,18.7,18.4,18.5,93253.0,ATX,0.0,0.0,Wednesday,October,2020
2020-10-20,18.6,18.82,18.52,18.52,63305.0,ATX,-0.08000000000000185,-0.43,Tuesday,October,2020
2020-10-19,18.92,19.2,18.72,18.72,85178.0,ATX,-0.20000000000000284,-1.057,Monday,October,2020
2020-10-16,19.1,19.22,18.82,18.86,106543.0,ATX,-0.240000000000002,-1.257,Friday,October,2020
2020-10-15,19.68,19.74,19.18,19.18,97480.0,ATX,-0.5,-2.541,Thursday,October,2020
2020-10-14,19.64,19.88,19.36,19.84,83120.0,ATX,0.1999999999999993,1.018,Wednesday,October,2020
2020-10-13,19.9,19.9,19.34,19.34,91065.0,ATX,-0.5599999999999987,-2.814,Tuesday,October,2020
2020-10-12,19.8,19.98,19.8,19.88,30545.0,ATX,0.0799999999999983,0.404,Monday,October,2020
2020-10-09,19.96,20.05,19.7,19.8,103547.0,ATX,-0.16000000000000014,-0.802,Friday,October,2020
2020-10-08,19.54,20.15,19.48,19.96,74323.0,ATX,0.4200000000000017,2.149,Thursday,October,2020
2020-10-07,19.34,19.66,19.34,19.48,53227.0,ATX,0.14000000000000057,0.724,Wednesday,October,2020
2020-10-06,19.52,19.52,19.38,19.44,63414.0,ATX,-0.0799999999999983,-0.41,Tuesday,October,2020
2020-10-05,19.28,19.48,19.1,19.38,65776.0,ATX,0.09999999999999787,0.519,Monday,October,2020
2020-10-02,18.94,19.18,18.9,19.16,56897.0,ATX,0.21999999999999886,1.162,Friday,October,2020
2020-10-01,19.3,19.3,18.98,19.08,63577.0,ATX,-0.22000000000000242,-1.14,Thursday,October,2020
2020-09-30,19.28,19.36,18.98,18.98,103138.0,ATX,-0.3000000000000007,-1.556,Wednesday,September,2020
2020-09-29,19.5,19.6,19.2,19.3,72249.0,ATX,-0.1999999999999993,-1.026,Tuesday,September,2020
2020-09-28,19.1,19.5,19.1,19.46,93533.0,ATX,0.35999999999999943,1.885,Monday,September,2020
2020-09-25,20.3,20.65,19.96,20.15,357880.0,ATX,-0.15000000000000213,-0.739,Friday,September,2020
2020-09-24,20.6,20.65,19.82,19.96,129320.0,ATX,-0.6400000000000006,-3.107,Thursday,September,2020
2020-09-23,20.65,20.65,20.5,20.55,116474.0,ATX,-0.09999999999999787,-0.484,Wednesday,September,2020
2020-09-22,20.55,20.55,20.35,20.4,105357.0,ATX,-0.15000000000000213,-0.73,Tuesday,September,2020
2020-09-21,20.95,20.95,20.5,20.5,114234.0,ATX,-0.4499999999999993,-2.148,Monday,September,2020
2020-09-18,20.9,20.95,20.65,20.95,126995.0,ATX,0.05000000000000071,0.239,Friday,September,2020
2020-09-17,21.0,21.0,20.65,20.65,27561.0,ATX,-0.3500000000000014,-1.667,Thursday,September,2020
2020-09-16,21.1,21.1,20.85,20.9,15324.0,ATX,-0.20000000000000284,-0.948,Wednesday,September,2020
2020-09-15,21.5,21.5,20.9,21.05,52420.0,ATX,-0.4499999999999993,-2.093,Tuesday,September,2020
2020-09-14,21.0,21.6,20.95,21.35,57851.0,ATX,0.3500000000000014,1.667,Monday,September,2020
2020-09-11,21.05,21.25,20.65,20.9,47068.0,ATX,-0.15000000000000213,-0.713,Friday,September,2020
2020-09-10,21.45,21.55,21.0,21.25,68188.0,ATX,-0.1999999999999993,-0.932,Thursday,September,2020
2020-09-09,21.0,21.4,20.6,21.3,45275.0,ATX,0.3000000000000007,1.429,Wednesday,September,2020
2020-09-08,21.15,21.15,20.6,20.8,36961.0,ATX,-0.34999999999999787,-1.655,Tuesday,September,2020
2020-09-07,20.7,21.4,20.6,20.85,56163.0,ATX,0.15000000000000213,0.725,Monday,September,2020
2020-09-04,20.5,20.75,20.45,20.45,40602.0,ATX,-0.05000000000000071,-0.244,Friday,September,2020
2020-09-03,20.65,20.75,20.5,20.5,35360.0,ATX,-0.14999999999999858,-0.726,Thursday,September,2020
2020-09-02,20.55,20.65,20.45,20.5,44201.0,ATX,-0.05000000000000071,-0.243,Wednesday,September,2020
2020-09-01,20.5,20.65,20.45,20.5,56951.0,ATX,0.0,0.0,Tuesday,September,2020
2020-08-31,20.55,20.75,20.5,20.5,56217.0,ATX,-0.05000000000000071,-0.243,Monday,August,2020
2020-08-28,20.0,20.6,20.0,20.55,52506.0,ATX,0.5500000000000007,2.75,Friday,August,2020
2020-08-27,20.85,20.85,19.98,20.1,39023.0,ATX,-0.75,-3.597,Thursday,August,2020
2020-08-26,20.75,20.75,20.25,20.35,40453.0,ATX,-0.3999999999999986,-1.928,Wednesday,August,2020
2020-08-25,20.2,20.85,20.2,20.4,79832.0,ATX,0.1999999999999993,0.99,Tuesday,August,2020
2020-08-24,20.05,20.6,20.05,20.3,41840.0,ATX,0.25,1.247,Monday,August,2020
2020-08-21,19.9,20.2,19.8,20.0,34336.0,ATX,0.10000000000000142,0.503,Friday,August,2020
2020-08-20,19.74,20.05,19.74,19.88,32370.0,ATX,0.14000000000000057,0.709,Thursday,August,2020
2020-08-19,19.7,20.1,19.66,20.1,32743.0,ATX,0.40000000000000213,2.03,Wednesday,August,2020
2020-08-18,19.76,19.84,19.5,19.74,40885.0,ATX,-0.020000000000003126,-0.101,Tuesday,August,2020
2020-08-17,19.4,19.84,19.4,19.74,32326.0,ATX,0.33999999999999986,1.753,Monday,August,2020
2020-08-14,19.62,19.92,19.56,19.86,24860.0,ATX,0.23999999999999844,1.223,Friday,August,2020
2020-08-13,19.74,20.1,19.74,19.84,28937.0,ATX,0.10000000000000142,0.507,Thursday,August,2020
2020-08-12,19.84,20.1,19.8,19.94,31374.0,ATX,0.10000000000000142,0.504,Wednesday,August,2020
2020-08-11,19.2,19.78,19.2,19.74,39834.0,ATX,0.5399999999999991,2.812,Tuesday,August,2020
2020-08-10,19.0,19.38,18.96,19.22,40216.0,ATX,0.21999999999999886,1.158,Monday,August,2020
2020-08-07,19.02,19.06,18.8,18.96,39478.0,ATX,-0.05999999999999872,-0.315,Friday,August,2020
2020-08-06,19.44,19.44,18.76,18.92,41168.0,ATX,-0.5199999999999996,-2.675,Thursday,August,2020
2020-08-05,19.3,19.44,19.08,19.26,47684.0,ATX,-0.03999999999999915,-0.207,Wednesday,August,2020
2020-08-04,19.0,19.32,18.9,19.32,97965.0,ATX,0.3200000000000003,1.684,Tuesday,August,2020
2020-08-03,18.76,18.98,18.6,18.76,39259.0,ATX,0.0,0.0,Monday,August,2020
2020-07-31,18.2,19.26,17.5,18.8,54919.0,ATX,0.6000000000000014,3.297,Friday,July,2020
2020-07-30,19.18,19.28,18.42,18.44,54569.0,ATX,-0.7399999999999984,-3.858,Thursday,July,2020
2020-07-29,19.78,19.78,19.18,19.42,34538.0,ATX,-0.35999999999999943,-1.82,Wednesday,July,2020
2020-07-28,19.78,19.78,19.16,19.4,26759.0,ATX,-0.38000000000000256,-1.921,Tuesday,July,2020
2020-07-27,19.64,19.68,19.18,19.34,72540.0,ATX,-0.3000000000000007,-1.527,Monday,July,2020
2020-07-24,19.7,19.98,19.64,19.8,49212.0,ATX,0.10000000000000142,0.508,Friday,July,2020
2020-07-23,19.96,20.2,19.9,19.9,63407.0,ATX,-0.060000000000002274,-0.301,Thursday,July,2020
2020-07-22,20.05,20.05,19.66,20.0,45001.0,ATX,-0.05000000000000071,-0.249,Wednesday,July,2020
2020-07-21,20.4,20.4,19.92,20.1,60993.0,ATX,-0.29999999999999716,-1.471,Tuesday,July,2020
2020-07-20,20.15,20.3,19.98,20.2,45945.0,ATX,0.05000000000000071,0.248,Monday,July,2020
2020-07-17,20.4,20.4,20.05,20.05,23035.0,ATX,-0.34999999999999787,-1.716,Friday,July,2020
2020-07-16,20.0,20.45,20.0,20.25,33904.0,ATX,0.25,1.25,Thursday,July,2020
2020-07-15,20.65,20.65,20.25,20.35,43481.0,ATX,-0.29999999999999716,-1.453,Wednesday,July,2020
2020-07-14,19.78,20.4,19.78,20.35,45246.0,ATX,0.5700000000000003,2.882,Tuesday,July,2020
2020-07-13,20.0,20.5,20.0,20.25,34857.0,ATX,0.25,1.25,Monday,July,2020
2020-07-10,20.1,20.4,20.0,20.25,39348.0,ATX,0.14999999999999858,0.746,Friday,July,2020
2020-07-09,20.3,20.55,20.15,20.15,33554.0,ATX,-0.15000000000000213,-0.739,Thursday,July,2020
2020-07-08,20.35,20.35,19.86,20.3,124697.0,ATX,-0.05000000000000071,-0.246,Wednesday,July,2020
2020-07-07,20.7,20.7,19.96,20.05,65953.0,ATX,-0.6499999999999986,-3.14,Tuesday,July,2020
2020-07-06,20.3,20.6,20.3,20.55,31823.0,ATX,0.25,1.232,Monday,July,2020
2020-07-03,20.05,20.3,20.05,20.25,29952.0,ATX,0.1999999999999993,0.998,Friday,July,2020
2020-07-02,19.5,20.35,19.5,20.05,40957.0,ATX,0.5500000000000007,2.821,Thursday,July,2020
2020-07-01,19.9,20.0,19.62,19.8,55949.0,ATX,-0.09999999999999787,-0.503,Wednesday,July,2020
2020-06-30,19.08,19.9,19.08,19.9,71000.0,ATX,0.8200000000000003,4.298,Tuesday,June,2020
2020-06-29,19.36,19.5,18.88,19.36,79134.0,ATX,0.0,0.0,Monday,June,2020
2020-06-26,19.24,19.92,19.24,19.62,87837.0,ATX,0.38000000000000256,1.975,Friday,June,2020
2020-06-25,19.48,19.48,18.86,19.36,82972.0,ATX,-0.120000000000001,-0.616,Thursday,June,2020
2020-06-24,19.64,19.66,19.22,19.32,56957.0,ATX,-0.3200000000000003,-1.629,Wednesday,June,2020
2020-06-23,18.98,19.92,18.98,19.52,124348.0,ATX,0.5399999999999991,2.845,Tuesday,June,2020
2020-06-22,19.48,19.56,18.84,19.06,145622.0,ATX,-0.4200000000000017,-2.156,Monday,June,2020
2020-06-19,20.0,20.3,19.54,19.54,204924.0,ATX,-0.46000000000000085,-2.3,Friday,June,2020
2020-06-18,19.86,20.35,19.76,19.96,57410.0,ATX,0.10000000000000142,0.504,Thursday,June,2020
2020-06-17,20.3,20.4,19.96,20.2,43858.0,ATX,-0.10000000000000142,-0.493,Wednesday,June,2020
2020-06-16,19.92,20.55,19.8,20.4,65020.0,ATX,0.4799999999999969,2.41,Tuesday,June,2020
2020-06-15,19.6,19.72,19.18,19.58,114923.0,ATX,-0.020000000000003126,-0.102,Monday,June,2020
2020-06-12,19.5,20.1,19.02,19.72,118800.0,ATX,0.21999999999999886,1.128,Friday,June,2020
2020-06-11,19.44,20.1,19.24,19.34,99015.0,ATX,-0.10000000000000142,-0.514,Thursday,June,2020
2020-06-10,20.15,20.45,19.72,19.84,72312.0,ATX,-0.3099999999999987,-1.538,Wednesday,June,2020
2020-06-09,20.2,20.45,19.54,20.05,100246.0,ATX,-0.14999999999999858,-0.743,Tuesday,June,2020
2020-06-08,20.4,20.8,20.1,20.25,53384.0,ATX,-0.14999999999999858,-0.735,Monday,June,2020
2020-06-05,20.3,20.75,20.1,20.4,68874.0,ATX,0.09999999999999787,0.493,Friday,June,2020
2020-06-04,19.78,20.35,19.2,20.3,103071.0,ATX,0.5199999999999996,2.629,Thursday,June,2020
2020-06-03,19.38,19.82,19.16,19.74,66856.0,ATX,0.35999999999999943,1.858,Wednesday,June,2020
2020-06-02,18.9,19.36,18.9,19.24,57262.0,ATX,0.33999999999999986,1.799,Tuesday,June,2020
2020-05-29,18.6,19.02,18.2,18.9,72671.0,ATX,0.29999999999999716,1.613,Friday,May,2020
2020-05-28,19.1,19.18,18.64,18.82,37108.0,ATX,-0.28000000000000114,-1.466,Thursday,May,2020
2020-05-27,18.94,19.08,18.72,18.82,49510.0,ATX,-0.120000000000001,-0.634,Wednesday,May,2020
2020-05-26,18.7,18.98,18.54,18.94,39465.0,ATX,0.240000000000002,1.283,Tuesday,May,2020
2020-05-25,18.22,18.56,18.16,18.26,34149.0,ATX,0.0400000000000027,0.22,Monday,May,2020
2020-05-22,17.88,18.26,17.48,18.14,78881.0,ATX,0.26000000000000156,1.454,Friday,May,2020
2020-05-21,18.68,18.68,17.54,17.66,32914.0,ATX,-1.0199999999999996,-5.46,Thursday,May,2020
2020-05-20,18.12,18.28,17.68,18.26,84165.0,ATX,0.14000000000000057,0.773,Wednesday,May,2020
2020-05-19,18.66,18.66,17.9,18.2,55477.0,ATX,-0.46000000000000085,-2.465,Tuesday,May,2020
2020-05-18,18.88,18.88,18.2,18.68,37651.0,ATX,-0.1999999999999993,-1.059,Monday,May,2020
2020-05-15,17.76,18.44,17.76,18.02,27512.0,ATX,0.259999999999998,1.464,Friday,May,2020
2020-05-14,18.4,18.4,17.8,17.96,46408.0,ATX,-0.4399999999999977,-2.391,Thursday,May,2020
2020-05-13,18.82,18.84,18.24,18.52,66613.0,ATX,-0.3000000000000007,-1.594,Wednesday,May,2020
2020-05-12,19.26,19.26,18.12,18.28,70603.0,ATX,-0.9800000000000004,-5.088,Tuesday,May,2020
2020-05-11,19.2,19.44,18.72,18.98,42312.0,ATX,-0.21999999999999886,-1.146,Monday,May,2020
2020-05-08,19.5,19.5,19.2,19.24,22353.0,ATX,-0.26000000000000156,-1.333,Friday,May,2020
2020-05-07,18.9,19.44,18.88,19.24,65033.0,ATX,0.33999999999999986,1.799,Thursday,May,2020
2020-05-06,18.7,19.1,18.46,18.76,54458.0,ATX,0.060000000000002274,0.321,Wednesday,May,2020
2020-05-05,18.06,18.7,17.92,18.64,55479.0,ATX,0.5800000000000018,3.212,Tuesday,May,2020
2020-05-04,18.44,18.44,17.62,17.62,60120.0,ATX,-0.8200000000000003,-4.447,Monday,May,2020
2020-04-30,18.8,19.0,18.06,18.38,126445.0,ATX,-0.4200000000000017,-2.234,Thursday,April,2020
2020-04-29,18.5,18.8,18.2,18.68,67158.0,ATX,0.17999999999999972,0.973,Wednesday,April,2020
2020-04-28,17.86,18.5,17.74,18.04,66981.0,ATX,0.17999999999999972,1.008,Tuesday,April,2020
2020-04-27,17.4,17.88,17.22,17.68,38261.0,ATX,0.28000000000000114,1.609,Monday,April,2020
2020-04-24,17.5,17.74,17.0,17.0,44057.0,ATX,-0.5,-2.857,Friday,April,2020
2020-04-23,17.82,17.82,17.32,17.48,51619.0,ATX,-0.33999999999999986,-1.908,Thursday,April,2020
2020-04-22,17.58,17.9,17.58,17.7,37000.0,ATX,0.120000000000001,0.683,Wednesday,April,2020
2020-04-21,17.64,17.96,17.2,17.94,78398.0,ATX,0.3000000000000007,1.701,Tuesday,April,2020
2020-04-20,17.92,18.0,17.28,17.5,54757.0,ATX,-0.4200000000000017,-2.344,Monday,April,2020
2020-04-17,17.8,18.42,17.22,17.38,86251.0,ATX,-0.4200000000000017,-2.36,Friday,April,2020
2020-04-16,18.34,18.38,17.4,17.4,80590.0,ATX,-0.9400000000000013,-5.125,Thursday,April,2020
2020-04-15,18.24,18.72,17.5,17.68,88293.0,ATX,-0.5599999999999987,-3.07,Wednesday,April,2020
2020-04-14,18.8,19.2,18.7,18.9,29448.0,ATX,0.09999999999999787,0.532,Tuesday,April,2020
2020-04-09,18.54,18.88,18.26,18.62,85121.0,ATX,0.08000000000000185,0.431,Thursday,April,2020
2020-04-08,19.1,19.1,18.12,18.18,77372.0,ATX,-0.9200000000000017,-4.817,Wednesday,April,2020
2020-04-07,18.44,19.2,18.26,19.02,113921.0,ATX,0.5799999999999983,3.145,Tuesday,April,2020
2020-04-06,17.82,18.08,17.46,17.9,88481.0,ATX,0.0799999999999983,0.449,Monday,April,2020
2020-04-03,17.5,17.8,16.8,16.88,47572.0,ATX,-0.620000000000001,-3.543,Friday,April,2020
2020-04-02,17.0,17.5,17.0,17.42,44042.0,ATX,0.4200000000000017,2.471,Thursday,April,2020
2020-04-01,17.42,17.42,16.6,17.0,65953.0,ATX,-0.4200000000000017,-2.411,Wednesday,April,2020
2020-03-31,16.7,18.5,16.54,17.14,124314.0,ATX,0.4400000000000013,2.635,Tuesday,March,2020
2020-03-30,16.7,16.8,15.74,16.26,81910.0,ATX,-0.4399999999999977,-2.635,Monday,March,2020
2020-03-27,16.7,16.7,16.2,16.42,48845.0,ATX,-0.2799999999999976,-1.677,Friday,March,2020
2020-03-26,16.74,16.74,15.94,16.12,111080.0,ATX,-0.6199999999999974,-3.704,Thursday,March,2020
2020-03-25,17.2,17.5,15.7,16.4,185135.0,ATX,-0.8000000000000007,-4.651,Wednesday,March,2020
2020-03-24,15.6,16.4,15.54,16.26,162587.0,ATX,0.6600000000000019,4.231,Tuesday,March,2020
2020-03-23,15.6,15.7,15.0,15.0,127178.0,ATX,-0.5999999999999996,-3.846,Monday,March,2020
2020-03-20,14.9,20.0,14.9,15.66,245599.0,ATX,0.7599999999999998,5.101,Friday,March,2020
2020-03-19,14.88,14.9,14.02,14.26,87335.0,ATX,-0.620000000000001,-4.167,Thursday,March,2020
2020-03-18,14.98,14.98,13.78,13.9,216223.0,ATX,-1.08,-7.21,Wednesday,March,2020
2020-03-17,14.88,15.42,14.2,15.0,167993.0,ATX,0.11999999999999922,0.806,Tuesday,March,2020
2020-03-16,15.56,15.72,14.24,14.58,245373.0,ATX,-0.9800000000000004,-6.298,Monday,March,2020
2020-03-13,16.08,17.6,15.56,16.2,301017.0,ATX,0.120000000000001,0.746,Friday,March,2020
2020-03-12,17.6,17.86,15.72,16.08,252235.0,ATX,-1.5200000000000031,-8.636,Thursday,March,2020
2020-03-11,19.6,19.82,18.06,18.16,208400.0,ATX,-1.4400000000000013,-7.347,Wednesday,March,2020
2020-03-10,20.1,20.6,19.22,19.48,183463.0,ATX,-0.620000000000001,-3.085,Tuesday,March,2020
2020-03-09,20.45,20.6,19.7,20.05,219153.0,ATX,-0.3999999999999986,-1.956,Monday,March,2020
2020-03-06,21.5,21.65,21.15,21.3,65782.0,ATX,-0.1999999999999993,-0.93,Friday,March,2020
2020-03-05,22.7,22.7,21.75,21.9,79026.0,ATX,-0.8000000000000007,-3.524,Thursday,March,2020
2020-03-04,22.8,22.9,22.2,22.35,70126.0,ATX,-0.4499999999999993,-1.974,Wednesday,March,2020
2020-03-03,22.45,23.05,22.3,22.5,87766.0,ATX,0.05000000000000071,0.223,Tuesday,March,2020
2020-03-02,21.75,22.15,21.55,22.15,116185.0,ATX,0.3999999999999986,1.839,Monday,March,2020
2020-02-28,21.3,22.0,21.3,22.0,171914.0,ATX,0.6999999999999993,3.286,Friday,February,2020
2020-02-27,22.6,22.7,22.05,22.45,76371.0,ATX,-0.15000000000000213,-0.664,Thursday,February,2020
2020-02-26,22.8,23.15,22.3,23.0,127792.0,ATX,0.1999999999999993,0.877,Wednesday,February,2020
2020-02-25,23.7,23.8,23.0,23.2,84471.0,ATX,-0.5,-2.11,Tuesday,February,2020
2020-02-24,24.8,24.8,23.5,23.8,97696.0,ATX,-1.0,-4.032,Monday,February,2020
2020-02-21,25.0,25.0,24.5,25.0,42895.0,ATX,0.0,0.0,Friday,February,2020
2020-02-20,25.2,25.2,24.55,24.65,37552.0,ATX,-0.5500000000000007,-2.183,Thursday,February,2020
2020-02-19,25.0,25.1,24.65,24.95,25062.0,ATX,-0.05000000000000071,-0.2,Wednesday,February,2020
2020-02-18,25.0,25.0,24.65,24.75,29170.0,ATX,-0.25,-1.0,Tuesday,February,2020
2020-02-17,25.0,25.0,24.8,24.9,25958.0,ATX,-0.10000000000000142,-0.4,Monday,February,2020
2020-02-14,24.9,25.1,24.85,25.0,35986.0,ATX,0.10000000000000142,0.402,Friday,February,2020
2020-02-13,25.45,25.45,24.8,25.0,30545.0,ATX,-0.4499999999999993,-1.768,Thursday,February,2020
2020-02-12,25.1,25.4,24.75,25.2,32174.0,ATX,0.09999999999999787,0.398,Wednesday,February,2020
2020-02-11,24.9,24.95,24.7,24.95,23217.0,ATX,0.05000000000000071,0.201,Tuesday,February,2020
2020-02-10,24.75,25.0,24.75,24.85,34006.0,ATX,0.10000000000000142,0.404,Monday,February,2020
2020-02-07,25.1,25.1,24.6,24.85,48248.0,ATX,-0.25,-0.996,Friday,February,2020
2020-02-06,24.8,25.1,24.8,24.85,37959.0,ATX,0.05000000000000071,0.202,Thursday,February,2020
2020-02-05,25.1,25.1,24.75,24.8,30677.0,ATX,-0.3000000000000007,-1.195,Wednesday,February,2020
2020-02-04,24.4,24.95,24.4,24.85,39293.0,ATX,0.45000000000000284,1.844,Tuesday,February,2020
2020-02-03,24.4,24.5,24.25,24.35,32456.0,ATX,-0.04999999999999716,-0.205,Monday,February,2020
2020-01-31,24.4,24.65,24.25,24.4,71471.0,ATX,0.0,0.0,Friday,January,2020
2020-01-30,24.9,25.0,24.35,24.35,48233.0,ATX,-0.5499999999999972,-2.209,Thursday,January,2020
2020-01-29,25.0,25.15,24.7,24.7,44644.0,ATX,-0.3000000000000007,-1.2,Wednesday,January,2020
2020-01-28,24.65,25.15,24.6,25.1,32919.0,ATX,0.45000000000000284,1.826,Tuesday,January,2020
2020-01-27,25.5,25.55,24.85,24.85,24384.0,ATX,-0.6499999999999986,-2.549,Monday,January,2020
2020-01-24,25.9,25.9,25.3,25.55,26955.0,ATX,-0.34999999999999787,-1.351,Friday,January,2020
2020-01-23,25.3,25.65,25.3,25.5,34512.0,ATX,0.1999999999999993,0.791,Thursday,January,2020
2020-01-22,25.8,25.85,25.4,25.45,42620.0,ATX,-0.3500000000000014,-1.357,Wednesday,January,2020
2020-01-21,26.15,26.15,25.65,25.75,20583.0,ATX,-0.3999999999999986,-1.53,Tuesday,January,2020
2020-01-20,26.1,26.15,25.75,26.0,16139.0,ATX,-0.10000000000000142,-0.383,Monday,January,2020
2020-01-17,26.05,26.35,25.9,25.95,46491.0,ATX,-0.10000000000000142,-0.384,Friday,January,2020
2020-01-16,26.0,26.2,25.65,26.0,34781.0,ATX,0.0,0.0,Thursday,January,2020
2020-01-15,26.15,26.15,25.5,25.65,39150.0,ATX,-0.5,-1.912,Wednesday,January,2020
2020-01-14,26.35,26.35,25.9,26.05,22248.0,ATX,-0.3000000000000007,-1.139,Tuesday,January,2020
2020-01-13,26.5,26.5,25.9,26.15,41219.0,ATX,-0.3500000000000014,-1.321,Monday,January,2020
2020-01-10,25.9,26.4,25.5,26.35,117059.0,ATX,0.45000000000000284,1.737,Friday,January,2020
2020-01-09,25.7,25.8,25.2,25.65,81483.0,ATX,-0.05000000000000071,-0.195,Thursday,January,2020
2020-01-08,25.9,26.0,25.2,25.5,36127.0,ATX,-0.3999999999999986,-1.544,Wednesday,January,2020
2020-01-07,25.85,26.0,25.6,25.75,69506.0,ATX,-0.10000000000000142,-0.387,Tuesday,January,2020
2020-01-06,25.6,25.6,25.05,25.45,27744.0,ATX,-0.15000000000000213,-0.586,Monday,January,2020
2020-01-03,25.5,25.7,25.45,25.45,13441.0,ATX,-0.05000000000000071,-0.196,Friday,January,2020
2020-01-02,25.6,25.7,25.5,25.7,13586.0,ATX,0.09999999999999787,0.391,Thursday,January,2020
2019-12-30,25.65,25.65,25.4,25.4,26776.0,ATX,-0.25,-0.975,Monday,December,2019
2019-12-27,25.95,26.0,25.65,25.75,50209.0,ATX,-0.1999999999999993,-0.771,Friday,December,2019
2019-12-23,25.6,25.95,25.35,25.85,84606.0,ATX,0.25,0.977,Monday,December,2019
2019-12-20,24.9,25.65,24.9,25.4,134595.0,ATX,0.5,2.008,Friday,December,2019
2019-12-19,25.4,25.4,24.8,24.95,26703.0,ATX,-0.4499999999999993,-1.772,Thursday,December,2019
2019-12-18,25.5,25.5,25.05,25.2,31540.0,ATX,-0.3000000000000007,-1.176,Wednesday,December,2019
2019-12-17,25.7,25.7,25.3,25.55,29091.0,ATX,-0.14999999999999858,-0.584,Tuesday,December,2019
2019-12-16,25.65,25.7,25.2,25.6,27423.0,ATX,-0.04999999999999716,-0.195,Monday,December,2019
2019-12-13,25.3,25.65,25.2,25.45,95319.0,ATX,0.14999999999999858,0.593,Friday,December,2019
2019-12-12,25.5,25.55,25.25,25.5,45066.0,ATX,0.0,0.0,Thursday,December,2019
2019-12-11,25.3,25.65,25.3,25.4,43907.0,ATX,0.09999999999999787,0.395,Wednesday,December,2019
2019-12-10,25.35,25.35,24.9,25.2,38308.0,ATX,-0.15000000000000213,-0.592,Tuesday,December,2019
2019-12-09,25.15,25.35,25.0,25.3,47241.0,ATX,0.15000000000000213,0.596,Monday,December,2019
2019-12-06,25.2,25.3,24.9,25.1,70678.0,ATX,-0.09999999999999787,-0.397,Friday,December,2019
2019-12-05,25.5,25.5,25.05,25.15,78741.0,ATX,-0.3500000000000014,-1.373,Thursday,December,2019
2019-12-04,25.35,25.45,24.8,25.4,52889.0,ATX,0.04999999999999716,0.197,Wednesday,December,2019
2019-12-03,25.3,25.4,24.8,24.95,61793.0,ATX,-0.3500000000000014,-1.383,Tuesday,December,2019
2019-12-02,25.3,25.55,25.25,25.35,72408.0,ATX,0.05000000000000071,0.198,Monday,December,2019
2019-11-29,25.1,25.3,25.0,25.1,31785.0,ATX,0.0,0.0,Friday,November,2019
2019-11-28,25.4,25.5,24.85,25.45,66261.0,ATX,0.05000000000000071,0.197,Thursday,November,2019
2019-11-27,24.55,25.3,24.25,25.3,63437.0,ATX,0.75,3.055,Wednesday,November,2019
2019-11-26,24.6,24.7,24.05,24.65,35740.0,ATX,0.04999999999999716,0.203,Tuesday,November,2019
2019-11-25,24.4,24.9,24.25,24.25,32548.0,ATX,-0.14999999999999858,-0.615,Monday,November,2019
2019-11-22,24.8,24.8,24.35,24.35,36903.0,ATX,-0.4499999999999993,-1.815,Friday,November,2019
2019-11-21,25.0,25.0,24.35,24.65,36369.0,ATX,-0.3500000000000014,-1.4,Thursday,November,2019
2019-11-20,24.75,24.95,24.6,24.7,60288.0,ATX,-0.05000000000000071,-0.202,Wednesday,November,2019
2019-11-19,25.0,25.1,24.7,24.75,37549.0,ATX,-0.25,-1.0,Tuesday,November,2019
2019-11-18,24.8,25.05,24.65,24.95,33776.0,ATX,0.14999999999999858,0.605,Monday,November,2019
2019-11-15,25.0,25.15,24.7,24.75,35270.0,ATX,-0.25,-1.0,Friday,November,2019
2019-11-14,25.45,25.45,24.6,25.1,56729.0,ATX,-0.34999999999999787,-1.375,Thursday,November,2019
2019-11-13,24.95,25.45,24.7,25.25,136357.0,ATX,0.3000000000000007,1.202,Wednesday,November,2019
2019-11-12,24.75,25.0,24.75,24.8,40174.0,ATX,0.05000000000000071,0.202,Tuesday,November,2019
2019-11-11,24.6,25.0,24.45,24.85,40878.0,ATX,0.25,1.016,Monday,November,2019
2019-11-08,24.5,24.8,24.5,24.75,58266.0,ATX,0.25,1.02,Friday,November,2019
2019-11-07,24.3,24.9,24.3,24.7,67455.0,ATX,0.3999999999999986,1.646,Thursday,November,2019
2019-11-06,24.6,24.75,24.35,24.5,37702.0,ATX,-0.10000000000000142,-0.407,Wednesday,November,2019
2019-11-05,24.75,24.85,24.45,24.6,93036.0,ATX,-0.14999999999999858,-0.606,Tuesday,November,2019
2019-11-04,24.3,24.7,24.2,24.55,68025.0,ATX,0.25,1.029,Monday,November,2019
2019-11-01,24.3,24.45,24.1,24.4,35027.0,ATX,0.09999999999999787,0.412,Friday,November,2019
2019-10-31,24.3,24.4,23.95,24.3,52794.0,ATX,0.0,0.0,Thursday,October,2019
2019-10-30,24.5,24.5,23.95,24.4,33192.0,ATX,-0.10000000000000142,-0.408,Wednesday,October,2019
2019-10-29,24.25,24.35,23.95,24.3,55736.0,ATX,0.05000000000000071,0.206,Tuesday,October,2019
2019-10-28,24.15,24.35,24.0,24.35,29371.0,ATX,0.20000000000000284,0.828,Monday,October,2019
2019-10-25,24.2,24.25,23.95,24.25,44996.0,ATX,0.05000000000000071,0.207,Friday,October,2019
2019-10-24,23.75,24.5,23.75,24.1,57892.0,ATX,0.3500000000000014,1.474,Thursday,October,2019
2019-10-23,23.7,24.0,23.6,23.85,53628.0,ATX,0.15000000000000213,0.633,Wednesday,October,2019
2019-10-22,23.7,23.9,23.35,23.7,56298.0,ATX,0.0,0.0,Tuesday,October,2019
2019-10-21,23.2,23.75,23.2,23.7,57548.0,ATX,0.5,2.155,Monday,October,2019
2019-10-18,23.15,23.45,23.15,23.3,44512.0,ATX,0.15000000000000213,0.648,Friday,October,2019
2019-10-17,23.25,23.7,23.2,23.5,43973.0,ATX,0.25,1.075,Thursday,October,2019
2019-10-16,23.65,23.65,23.3,23.5,33829.0,ATX,-0.14999999999999858,-0.634,Wednesday,October,2019
2019-10-15,23.5,23.8,23.1,23.65,54971.0,ATX,0.14999999999999858,0.638,Tuesday,October,2019
2019-10-14,23.5,23.5,23.25,23.45,35421.0,ATX,-0.05000000000000071,-0.213,Monday,October,2019
2019-10-11,23.15,23.5,23.15,23.5,27406.0,ATX,0.3500000000000014,1.512,Friday,October,2019
2019-10-10,23.0,23.15,22.8,23.1,25355.0,ATX,0.10000000000000142,0.435,Thursday,October,2019
2019-10-09,23.1,23.1,22.75,22.95,43561.0,ATX,-0.15000000000000213,-0.649,Wednesday,October,2019
2019-10-08,23.15,23.2,22.9,23.05,25084.0,ATX,-0.09999999999999787,-0.432,Tuesday,October,2019
2019-10-07,23.3,23.5,22.75,23.1,36512.0,ATX,-0.1999999999999993,-0.858,Monday,October,2019
2019-10-04,23.45,23.45,22.85,23.1,51495.0,ATX,-0.34999999999999787,-1.493,Friday,October,2019
2019-10-03,23.1,23.2,22.5,23.05,58266.0,ATX,-0.05000000000000071,-0.216,Thursday,October,2019
2019-10-02,23.9,23.9,23.2,23.3,38590.0,ATX,-0.5999999999999979,-2.51,Wednesday,October,2019
2019-10-01,24.0,24.05,23.7,23.7,27196.0,ATX,-0.3000000000000007,-1.25,Tuesday,October,2019
2019-09-30,24.15,24.25,23.9,23.9,40425.0,ATX,-0.25,-1.035,Monday,September,2019
2019-09-27,24.0,24.35,23.75,24.15,62702.0,ATX,0.14999999999999858,0.625,Friday,September,2019
2019-09-26,23.85,24.25,23.65,24.25,82426.0,ATX,0.3999999999999986,1.677,Thursday,September,2019
2019-09-25,23.95,24.2,23.6,23.7,55755.0,ATX,-0.25,-1.044,Wednesday,September,2019
2019-09-24,24.6,24.6,24.15,24.3,26949.0,ATX,-0.3000000000000007,-1.22,Tuesday,September,2019
2019-09-23,24.9,24.95,23.9,24.55,60019.0,ATX,-0.34999999999999787,-1.406,Monday,September,2019
2019-09-20,24.6,24.9,24.55,24.9,229261.0,ATX,0.29999999999999716,1.22,Friday,September,2019
2019-09-19,24.7,24.9,24.5,24.8,76391.0,ATX,0.10000000000000142,0.405,Thursday,September,2019
2019-09-18,24.7,24.8,24.35,24.8,109669.0,ATX,0.10000000000000142,0.405,Wednesday,September,2019
2019-09-17,23.85,24.95,23.55,24.7,155514.0,ATX,0.8499999999999979,3.564,Tuesday,September,2019
2019-09-16,23.7,23.95,23.5,23.85,34480.0,ATX,0.15000000000000213,0.633,Monday,September,2019
2019-09-13,24.0,24.1,23.5,23.9,73070.0,ATX,-0.10000000000000142,-0.417,Friday,September,2019
2019-09-12,23.7,24.0,23.6,24.0,75109.0,ATX,0.3000000000000007,1.266,Thursday,September,2019
2019-09-11,23.75,23.9,23.5,23.7,57449.0,ATX,-0.05000000000000071,-0.211,Wednesday,September,2019
2019-09-10,23.1,23.75,23.05,23.75,118820.0,ATX,0.6499999999999986,2.814,Tuesday,September,2019
2019-09-09,22.75,23.05,22.5,23.05,50988.0,ATX,0.3000000000000007,1.319,Monday,September,2019
2019-09-06,22.4,22.65,22.3,22.6,64779.0,ATX,0.20000000000000284,0.893,Friday,September,2019
2019-09-05,22.45,22.7,22.25,22.25,97911.0,ATX,-0.1999999999999993,-0.891,Thursday,September,2019
2019-09-04,22.2,22.5,22.1,22.4,68158.0,ATX,0.1999999999999993,0.901,Wednesday,September,2019
2019-09-03,22.15,22.3,21.95,22.05,56647.0,ATX,-0.09999999999999787,-0.451,Tuesday,September,2019
2019-09-02,22.25,22.45,22.15,22.25,43418.0,ATX,0.0,0.0,Monday,September,2019
2019-08-30,22.45,22.5,22.2,22.4,97790.0,ATX,-0.05000000000000071,-0.223,Friday,August,2019
2019-08-29,22.45,22.55,22.1,22.25,80904.0,ATX,-0.1999999999999993,-0.891,Thursday,August,2019
2019-08-28,22.95,23.55,22.35,22.4,76514.0,ATX,-0.5500000000000007,-2.397,Wednesday,August,2019
2019-08-27,23.45,23.45,22.8,22.95,94607.0,ATX,-0.5,-2.132,Tuesday,August,2019
2019-08-26,23.4,23.4,23.05,23.25,41754.0,ATX,-0.14999999999999858,-0.641,Monday,August,2019
2019-08-23,23.65,23.65,23.2,23.25,75215.0,ATX,-0.3999999999999986,-1.691,Friday,August,2019
2019-08-22,23.65,23.65,23.3,23.35,73214.0,ATX,-0.29999999999999716,-1.268,Thursday,August,2019
2019-08-21,23.2,23.8,23.2,23.65,139913.0,ATX,0.4499999999999993,1.94,Wednesday,August,2019
2019-08-20,23.05,23.6,23.05,23.3,106317.0,ATX,0.25,1.085,Tuesday,August,2019
2019-08-19,22.95,23.5,22.8,23.15,80307.0,ATX,0.1999999999999993,0.871,Monday,August,2019
2019-08-16,22.3,22.85,22.3,22.7,73059.0,ATX,0.3999999999999986,1.794,Friday,August,2019
2019-08-14,22.75,22.75,22.15,22.3,90267.0,ATX,-0.4499999999999993,-1.978,Wednesday,August,2019
2019-08-13,22.2,22.55,21.9,22.5,80017.0,ATX,0.3000000000000007,1.351,Tuesday,August,2019
2019-08-12,22.25,22.3,22.0,22.15,31442.0,ATX,-0.10000000000000142,-0.449,Monday,August,2019
2019-08-09,22.2,22.25,21.9,22.0,27230.0,ATX,-0.1999999999999993,-0.901,Friday,August,2019
2019-08-08,21.85,22.2,21.8,22.1,69242.0,ATX,0.25,1.144,Thursday,August,2019
2019-08-07,22.5,22.5,21.8,21.8,69893.0,ATX,-0.6999999999999993,-3.111,Wednesday,August,2019
2019-08-06,22.3,22.6,22.05,22.1,93390.0,ATX,-0.1999999999999993,-0.897,Tuesday,August,2019
2019-08-05,22.6,23.25,22.4,22.5,62481.0,ATX,-0.10000000000000142,-0.442,Monday,August,2019
2019-08-02,23.0,23.15,22.65,23.0,44745.0,ATX,0.0,0.0,Friday,August,2019
2019-08-01,23.35,23.4,23.0,23.15,35776.0,ATX,-0.20000000000000284,-0.857,Thursday,August,2019
2019-07-31,23.45,23.45,23.1,23.2,47104.0,ATX,-0.25,-1.066,Wednesday,July,2019
2019-07-30,23.25,23.25,22.95,23.2,65555.0,ATX,-0.05000000000000071,-0.215,Tuesday,July,2019
2019-07-29,23.35,23.4,23.25,23.35,16623.0,ATX,0.0,0.0,Monday,July,2019
2019-07-26,23.45,23.6,23.2,23.35,37819.0,ATX,-0.09999999999999787,-0.426,Friday,July,2019
2019-07-25,23.9,23.9,23.45,23.55,64058.0,ATX,-0.34999999999999787,-1.464,Thursday,July,2019
2019-07-24,23.9,23.9,23.45,23.45,21475.0,ATX,-0.4499999999999993,-1.883,Wednesday,July,2019
2019-07-23,24.0,24.0,23.65,23.65,96170.0,ATX,-0.3500000000000014,-1.458,Tuesday,July,2019
2019-07-22,23.75,24.0,23.7,23.95,60612.0,ATX,0.1999999999999993,0.842,Monday,July,2019
2019-07-19,23.9,24.0,23.7,23.85,60720.0,ATX,-0.04999999999999716,-0.209,Friday,July,2019
2019-07-18,23.5,23.9,23.5,23.75,77481.0,ATX,0.25,1.064,Thursday,July,2019
2019-07-17,23.7,23.8,23.45,23.75,65409.0,ATX,0.05000000000000071,0.211,Wednesday,July,2019
2019-07-16,23.85,23.85,23.6,23.7,40664.0,ATX,-0.15000000000000213,-0.629,Tuesday,July,2019
2019-07-15,23.65,23.85,23.55,23.8,60246.0,ATX,0.15000000000000213,0.634,Monday,July,2019
2019-07-12,23.35,23.7,23.35,23.45,22098.0,ATX,0.09999999999999787,0.428,Friday,July,2019
2019-07-11,23.65,23.65,23.15,23.5,56642.0,ATX,-0.14999999999999858,-0.634,Thursday,July,2019
2019-07-10,23.65,23.65,23.35,23.45,62095.0,ATX,-0.1999999999999993,-0.846,Wednesday,July,2019
2019-07-09,23.15,23.5,23.15,23.5,64508.0,ATX,0.3500000000000014,1.512,Tuesday,July,2019
2019-07-08,23.2,23.45,23.05,23.15,78368.0,ATX,-0.05000000000000071,-0.216,Monday,July,2019
2019-07-05,23.7,23.75,23.2,23.2,59272.0,ATX,-0.5,-2.11,Friday,July,2019
2019-07-04,23.35,23.7,23.2,23.6,64180.0,ATX,0.25,1.071,Thursday,July,2019
2019-07-03,23.15,23.35,23.05,23.15,49314.0,ATX,0.0,0.0,Wednesday,July,2019
2019-07-02,22.85,23.1,22.8,22.9,83957.0,ATX,0.04999999999999716,0.219,Tuesday,July,2019
2019-07-01,22.6,23.0,22.6,22.85,75787.0,ATX,0.25,1.106,Monday,July,2019
2019-06-28,22.6,22.75,22.4,22.55,65934.0,ATX,-0.05000000000000071,-0.221,Friday,June,2019
2019-06-27,22.65,22.65,22.4,22.55,58428.0,ATX,-0.09999999999999787,-0.442,Thursday,June,2019
2019-06-26,22.65,22.65,22.35,22.4,61223.0,ATX,-0.25,-1.104,Wednesday,June,2019
2019-06-25,23.1,23.15,22.3,22.45,81178.0,ATX,-0.6500000000000021,-2.814,Tuesday,June,2019
2019-06-24,23.3,23.4,23.05,23.15,61910.0,ATX,-0.15000000000000213,-0.644,Monday,June,2019
2019-06-21,22.95,23.25,22.6,23.15,335106.0,ATX,0.1999999999999993,0.871,Friday,June,2019
2019-06-20,23.0,23.2,23.0,23.1,39129.0,ATX,0.10000000000000142,0.435,Thursday,June,2019
2019-06-19,23.0,23.1,22.85,22.95,25427.0,ATX,-0.05000000000000071,-0.217,Wednesday,June,2019
2019-06-18,22.95,23.1,22.6,22.95,54250.0,ATX,0.0,0.0,Tuesday,June,2019
2019-06-14,23.1,23.15,22.9,22.9,31068.0,ATX,-0.20000000000000284,-0.866,Friday,June,2019
2019-06-13,23.35,23.35,22.95,23.2,73480.0,ATX,-0.15000000000000213,-0.642,Thursday,June,2019
2019-06-12,22.95,23.3,22.95,23.1,65029.0,ATX,0.15000000000000213,0.654,Wednesday,June,2019
2019-06-11,23.0,23.25,22.9,23.2,68583.0,ATX,0.1999999999999993,0.87,Tuesday,June,2019
2019-06-10,23.0,23.0,23.0,23.0,0.0,ATX,0.0,0.0,Monday,June,2019
2019-06-07,22.75,23.35,22.35,23.0,96206.0,ATX,0.25,1.099,Friday,June,2019
2019-06-06,22.6,22.8,22.3,22.5,69069.0,ATX,-0.10000000000000142,-0.442,Thursday,June,2019
2019-06-05,22.9,22.9,22.45,22.6,49824.0,ATX,-0.29999999999999716,-1.31,Wednesday,June,2019
2019-06-04,21.9,22.75,21.75,22.6,137937.0,ATX,0.7000000000000028,3.196,Tuesday,June,2019
2019-06-03,21.8,21.9,21.6,21.7,30225.0,ATX,-0.10000000000000142,-0.459,Monday,June,2019
2019-05-31,22.0,22.0,21.65,21.9,122580.0,ATX,-0.10000000000000142,-0.455,Friday,May,2019
2019-05-30,22.0,22.0,21.75,21.85,35487.0,ATX,-0.14999999999999858,-0.682,Thursday,May,2019
2019-05-29,21.8,21.9,21.65,21.65,66832.0,ATX,-0.15000000000000213,-0.688,Wednesday,May,2019
2019-05-28,22.35,22.35,21.8,21.8,62804.0,ATX,-0.5500000000000007,-2.461,Tuesday,May,2019
2019-05-27,22.1,22.2,21.9,22.0,73125.0,ATX,-0.10000000000000142,-0.452,Monday,May,2019
2019-05-24,22.5,23.0,22.15,22.8,102722.0,ATX,0.3000000000000007,1.333,Friday,May,2019
2019-05-23,23.2,23.2,22.3,22.35,167694.0,ATX,-0.8499999999999979,-3.664,Thursday,May,2019
2019-05-22,24.2,24.35,23.05,23.2,101799.0,ATX,-1.0,-4.132,Wednesday,May,2019
2019-05-21,23.8,23.95,23.6,23.85,42863.0,ATX,0.05000000000000071,0.21,Tuesday,May,2019
2019-05-20,24.25,24.25,23.8,23.8,37952.0,ATX,-0.4499999999999993,-1.856,Monday,May,2019
2019-05-17,24.05,24.4,24.0,24.2,43774.0,ATX,0.14999999999999858,0.624,Friday,May,2019
2019-05-16,23.9,24.3,23.75,24.15,50656.0,ATX,0.25,1.046,Thursday,May,2019
2019-05-15,23.7,24.0,23.45,24.0,46845.0,ATX,0.3000000000000007,1.266,Wednesday,May,2019
2019-05-14,23.6,23.95,23.6,23.85,41881.0,ATX,0.25,1.059,Tuesday,May,2019
2019-05-13,23.7,23.85,23.5,23.55,39906.0,ATX,-0.14999999999999858,-0.633,Monday,May,2019
2019-05-10,23.75,24.1,23.75,23.85,72691.0,ATX,0.10000000000000142,0.421,Friday,May,2019
2019-05-09,24.15,24.2,23.8,23.85,59469.0,ATX,-0.29999999999999716,-1.242,Thursday,May,2019
2019-05-08,24.45,24.6,24.2,24.25,38823.0,ATX,-0.1999999999999993,-0.818,Wednesday,May,2019
2019-05-07,24.3,24.6,24.2,24.5,62508.0,ATX,0.1999999999999993,0.823,Tuesday,May,2019
2019-05-06,24.3,24.7,24.25,24.5,45958.0,ATX,0.1999999999999993,0.823,Monday,May,2019
2019-05-03,24.8,24.85,24.6,24.65,36805.0,ATX,-0.15000000000000213,-0.605,Friday,May,2019
2019-05-02,25.0,25.0,24.6,24.7,76271.0,ATX,-0.3000000000000007,-1.2,Thursday,May,2019
2019-04-30,24.6,24.95,24.55,24.8,68199.0,ATX,0.1999999999999993,0.813,Tuesday,April,2019
2019-04-25,25.0,25.1,24.6,24.7,34908.0,ATX,-0.3000000000000007,-1.2,Thursday,April,2019
2019-04-24,25.3,25.3,24.75,24.9,65606.0,ATX,-0.40000000000000213,-1.581,Wednesday,April,2019
2019-04-23,25.35,25.35,24.95,25.3,56763.0,ATX,-0.05000000000000071,-0.197,Tuesday,April,2019
2019-04-18,25.4,25.4,25.1,25.25,79259.0,ATX,-0.14999999999999858,-0.591,Thursday,April,2019
2019-04-17,25.0,25.4,24.9,25.35,97625.0,ATX,0.3500000000000014,1.4,Wednesday,April,2019
2019-04-16,24.65,25.15,24.65,25.1,99377.0,ATX,0.45000000000000284,1.826,Tuesday,April,2019
2019-04-15,24.75,24.85,24.5,24.75,66287.0,ATX,0.0,0.0,Monday,April,2019
2019-04-12,24.1,24.7,24.1,24.7,87792.0,ATX,0.5999999999999979,2.49,Friday,April,2019
2019-04-11,24.1,24.25,23.85,24.25,66200.0,ATX,0.14999999999999858,0.622,Thursday,April,2019
2019-04-10,24.05,24.25,23.65,24.15,83340.0,ATX,0.09999999999999787,0.416,Wednesday,April,2019
2019-04-09,23.75,24.15,23.7,23.85,75257.0,ATX,0.10000000000000142,0.421,Tuesday,April,2019
2019-04-08,23.9,24.0,23.8,23.8,62037.0,ATX,-0.09999999999999787,-0.418,Monday,April,2019
2019-04-05,24.0,24.0,23.75,24.0,51178.0,ATX,0.0,0.0,Friday,April,2019
2019-04-04,23.9,24.0,23.5,23.85,53469.0,ATX,-0.04999999999999716,-0.209,Thursday,April,2019
2019-04-03,23.5,23.95,23.5,23.7,99184.0,ATX,0.1999999999999993,0.851,Wednesday,April,2019
2019-04-02,23.3,23.45,23.15,23.4,56583.0,ATX,0.09999999999999787,0.429,Tuesday,April,2019
2019-04-01,23.35,23.35,22.95,23.1,71001.0,ATX,-0.25,-1.071,Monday,April,2019
2019-03-29,23.0,23.08,22.8,22.9,64230.0,ATX,-0.10000000000000142,-0.435,Friday,March,2019
2019-03-28,23.04,23.04,22.72,22.72,54439.0,ATX,-0.3200000000000003,-1.389,Thursday,March,2019
2019-03-27,22.5,23.04,22.5,22.86,81360.0,ATX,0.35999999999999943,1.6,Wednesday,March,2019
2019-03-26,22.4,22.72,22.36,22.52,73258.0,ATX,0.120000000000001,0.536,Tuesday,March,2019
2019-03-22,22.76,22.86,22.34,22.5,59319.0,ATX,-0.26000000000000156,-1.142,Friday,March,2019
2019-03-21,22.22,22.9,22.22,22.76,137353.0,ATX,0.5400000000000027,2.43,Thursday,March,2019
2019-03-20,22.4,22.4,21.92,21.98,79898.0,ATX,-0.41999999999999815,-1.875,Wednesday,March,2019
2019-03-19,22.28,22.58,22.26,22.5,32310.0,ATX,0.21999999999999886,0.987,Tuesday,March,2019
2019-03-18,22.2,22.4,22.14,22.28,58829.0,ATX,0.08000000000000185,0.36,Monday,March,2019
2019-03-15,21.9,22.16,21.42,22.02,325253.0,ATX,0.120000000000001,0.548,Friday,March,2019
2019-03-14,21.62,21.82,21.58,21.82,42962.0,ATX,0.1999999999999993,0.925,Thursday,March,2019
2019-03-13,21.54,21.6,21.32,21.6,41698.0,ATX,0.060000000000002274,0.279,Wednesday,March,2019
2019-03-12,21.82,21.82,21.3,21.42,39293.0,ATX,-0.3999999999999986,-1.833,Tuesday,March,2019
2019-03-08,21.9,21.9,21.62,21.76,40615.0,ATX,-0.13999999999999702,-0.639,Friday,March,2019
2019-03-07,22.2,22.2,21.88,22.04,67743.0,ATX,-0.16000000000000014,-0.721,Thursday,March,2019
2019-03-06,21.94,22.12,21.8,22.1,67587.0,ATX,0.16000000000000014,0.729,Wednesday,March,2019
2019-03-05,21.74,21.88,21.7,21.8,76824.0,ATX,0.060000000000002274,0.276,Tuesday,March,2019
2019-03-04,21.5,21.84,21.5,21.8,57149.0,ATX,0.3000000000000007,1.395,Monday,March,2019
2019-03-01,21.1,21.62,21.08,21.4,68400.0,ATX,0.29999999999999716,1.422,Friday,March,2019
2019-02-28,21.04,21.2,20.82,21.2,99630.0,ATX,0.16000000000000014,0.76,Thursday,February,2019
2019-02-27,21.1,21.2,21.02,21.14,24093.0,ATX,0.03999999999999915,0.19,Wednesday,February,2019
2019-02-26,21.38,21.52,21.18,21.28,38078.0,ATX,-0.09999999999999787,-0.468,Tuesday,February,2019
2019-02-25,21.42,21.62,21.38,21.38,50322.0,ATX,-0.0400000000000027,-0.187,Monday,February,2019
2019-02-22,21.5,21.72,21.2,21.22,73534.0,ATX,-0.28000000000000114,-1.302,Friday,February,2019
2019-02-21,21.9,21.9,21.26,21.48,119537.0,ATX,-0.41999999999999815,-1.918,Thursday,February,2019
2019-02-20,21.68,21.8,21.4,21.4,52743.0,ATX,-0.28000000000000114,-1.292,Wednesday,February,2019
2019-02-19,21.6,21.66,21.5,21.6,16316.0,ATX,0.0,0.0,Tuesday,February,2019
2019-02-18,21.76,21.84,21.32,21.48,45579.0,ATX,-0.28000000000000114,-1.287,Monday,February,2019
2019-02-15,21.46,21.82,21.2,21.68,54419.0,ATX,0.21999999999999886,1.025,Friday,February,2019
2019-02-14,21.7,21.7,21.28,21.28,65399.0,ATX,-0.41999999999999815,-1.935,Thursday,February,2019
2019-02-13,21.04,21.64,21.04,21.62,60038.0,ATX,0.5800000000000018,2.757,Wednesday,February,2019
2019-02-12,21.1,21.34,20.96,21.14,74841.0,ATX,0.03999999999999915,0.19,Tuesday,February,2019
2019-02-08,20.9,21.06,20.32,20.78,116366.0,ATX,-0.11999999999999744,-0.574,Friday,February,2019
2019-02-07,21.68,21.68,20.88,21.04,56973.0,ATX,-0.6400000000000006,-2.952,Thursday,February,2019
2019-02-06,21.68,21.68,21.4,21.52,52006.0,ATX,-0.16000000000000014,-0.738,Wednesday,February,2019
2019-02-05,21.7,21.7,21.42,21.54,52014.0,ATX,-0.16000000000000014,-0.737,Tuesday,February,2019
2019-02-04,21.8,21.8,21.54,21.58,36111.0,ATX,-0.22000000000000242,-1.009,Monday,February,2019
2019-02-01,21.5,21.62,21.36,21.6,33742.0,ATX,0.10000000000000142,0.465,Friday,February,2019
2019-01-31,21.8,21.82,21.14,21.18,28681.0,ATX,-0.620000000000001,-2.844,Thursday,January,2019
2019-01-30,21.24,21.48,21.2,21.38,52732.0,ATX,0.14000000000000057,0.659,Wednesday,January,2019
2019-01-29,21.6,21.6,21.28,21.32,57897.0,ATX,-0.28000000000000114,-1.296,Tuesday,January,2019
2019-01-28,21.46,21.56,21.22,21.4,57628.0,ATX,-0.060000000000002274,-0.28,Monday,January,2019
2019-01-25,21.66,21.66,21.42,21.62,35023.0,ATX,-0.03999999999999915,-0.185,Friday,January,2019
2019-01-24,21.52,21.64,21.38,21.48,40069.0,ATX,-0.03999999999999915,-0.186,Thursday,January,2019
2019-01-23,21.6,21.6,21.24,21.48,59171.0,ATX,-0.120000000000001,-0.556,Wednesday,January,2019
2019-01-22,21.5,21.72,21.32,21.44,69971.0,ATX,-0.05999999999999872,-0.279,Tuesday,January,2019
2019-01-21,21.76,21.88,21.56,21.78,48318.0,ATX,0.019999999999999574,0.092,Monday,January,2019
2019-01-18,21.48,21.94,21.46,21.78,100206.0,ATX,0.3000000000000007,1.397,Friday,January,2019
2019-01-17,21.28,21.46,21.18,21.32,66040.0,ATX,0.03999999999999915,0.188,Thursday,January,2019
2019-01-16,20.8,21.44,20.8,21.24,104511.0,ATX,0.4399999999999977,2.115,Wednesday,January,2019
2019-01-15,20.8,21.08,20.8,20.98,40980.0,ATX,0.17999999999999972,0.865,Tuesday,January,2019
2019-01-14,21.1,21.1,20.76,20.96,54329.0,ATX,-0.14000000000000057,-0.664,Monday,January,2019
2019-01-11,21.06,21.22,21.02,21.02,34968.0,ATX,-0.03999999999999915,-0.19,Friday,January,2019
2019-01-10,21.0,21.22,20.9,20.9,53273.0,ATX,-0.10000000000000142,-0.476,Thursday,January,2019
2019-01-09,21.08,21.26,20.8,21.0,113964.0,ATX,-0.0799999999999983,-0.38,Wednesday,January,2019
